Time	TOpticalDensity600	A1	A2	A3	A4	A5	A6	A7	A8	A9	A10	A11	A12	B1	B2	B3	B4	B5	B6	B7	B8	B9	B10	B11	B12	C1	C2	C3	C4	C5	C6	C7	C8	C9	C10	C11	C12	D1	D2	D3	D4	D5	D6	D7	D8	D9	D10	D11	D12	E1	E2	E3	E4	E5	E6	E7	E8	E9	E10	E11	E12	F1	F2	F3	F4	F5	F6	F7	F8	F9	F10	F11	F12	G1	G2	G3	G4	G5	G6	G7	G8	G9	G10	G11	G12	H1	H2	H3	H4	H5	H6	H7	H8	H9	H10	H11	H12
0:00:19	27,3	0,087	0,088	0,089	0,089	0,089	0,091	0,091	0,089	0,089	0,090	0,088	0,087	0,095	0,089	0,089	0,090	0,090	0,089	0,091	0,088	0,090	0,090	0,088	0,087	0,089	0,089	0,089	0,090	0,091	0,089	0,091	0,088	0,089	0,093	0,088	0,087	0,088	0,088	0,091	0,089	0,089	0,089	0,092	0,087	0,089	0,090	0,088	0,086	0,087	0,089	0,087	0,091	0,090	0,088	0,091	0,087	0,089	0,089	0,090	0,086	0,089	0,087	0,088	0,096	0,092	0,093	0,094	0,087	0,091	0,090	0,090	0,088	0,090	0,089	0,087	0,089	0,090	0,088	0,095	0,089	0,089	0,089	0,090	0,087	0,090	0,090	0,088	0,090	0,092	0,088	0,091	0,095	0,089	0,089	0,089	0,088
0:10:19	37,0	0,087	0,088	0,088	0,089	0,088	0,090	0,091	0,089	0,089	0,090	0,087	0,087	0,095	0,088	0,089	0,090	0,090	0,089	0,091	0,087	0,090	0,089	0,088	0,087	0,088	0,089	0,088	0,090	0,091	0,089	0,090	0,088	0,088	0,092	0,087	0,087	0,088	0,088	0,090	0,089	0,088	0,088	0,092	0,086	0,088	0,090	0,088	0,086	0,087	0,088	0,087	0,091	0,090	0,088	0,091	0,086	0,088	0,089	0,088	0,086	0,089	0,087	0,087	0,096	0,091	0,092	0,094	0,086	0,091	0,089	0,089	0,087	0,090	0,089	0,087	0,089	0,090	0,088	0,095	0,088	0,088	0,088	0,089	0,087	0,088	0,089	0,088	0,089	0,091	0,088	0,090	0,093	0,089	0,088	0,088	0,088
0:20:19	37,0	0,087	0,088	0,088	0,089	0,089	0,091	0,091	0,089	0,089	0,090	0,087	0,087	0,095	0,088	0,088	0,090	0,090	0,089	0,091	0,087	0,090	0,089	0,088	0,087	0,088	0,089	0,088	0,090	0,091	0,089	0,091	0,088	0,088	0,092	0,087	0,087	0,088	0,088	0,090	0,089	0,088	0,088	0,092	0,086	0,088	0,089	0,088	0,086	0,087	0,088	0,087	0,091	0,090	0,088	0,091	0,086	0,088	0,089	0,088	0,086	0,089	0,087	0,087	0,096	0,091	0,092	0,094	0,086	0,090	0,089	0,089	0,087	0,090	0,088	0,087	0,089	0,090	0,087	0,095	0,089	0,088	0,088	0,089	0,087	0,087	0,089	0,088	0,089	0,091	0,088	0,090	0,093	0,089	0,088	0,088	0,088
0:30:19	37,0	0,087	0,088	0,088	0,090	0,089	0,091	0,091	0,089	0,089	0,095	0,087	0,087	0,095	0,089	0,089	0,090	0,090	0,089	0,091	0,088	0,090	0,089	0,088	0,087	0,088	0,089	0,089	0,091	0,092	0,090	0,091	0,088	0,089	0,092	0,088	0,088	0,088	0,088	0,091	0,089	0,089	0,089	0,092	0,087	0,088	0,089	0,088	0,087	0,087	0,089	0,087	0,091	0,090	0,088	0,091	0,087	0,088	0,089	0,089	0,087	0,089	0,087	0,087	0,096	0,091	0,093	0,095	0,086	0,090	0,089	0,089	0,088	0,090	0,089	0,087	0,089	0,090	0,088	0,096	0,089	0,088	0,088	0,090	0,088	0,087	0,089	0,087	0,090	0,092	0,088	0,091	0,093	0,089	0,088	0,088	0,088
0:40:19	37,0	0,087	0,088	0,088	0,090	0,089	0,092	0,092	0,090	0,089	0,091	0,088	0,088	0,095	0,089	0,090	0,091	0,091	0,090	0,092	0,088	0,090	0,089	0,089	0,088	0,089	0,089	0,089	0,091	0,092	0,091	0,092	0,088	0,089	0,092	0,088	0,088	0,088	0,088	0,091	0,090	0,089	0,090	0,092	0,087	0,089	0,089	0,089	0,087	0,087	0,089	0,087	0,092	0,091	0,089	0,092	0,087	0,089	0,089	0,089	0,087	0,089	0,087	0,087	0,097	0,091	0,093	0,095	0,087	0,090	0,089	0,089	0,089	0,090	0,089	0,087	0,090	0,091	0,089	0,096	0,089	0,089	0,088	0,090	0,088	0,087	0,090	0,088	0,091	0,092	0,089	0,091	0,094	0,090	0,088	0,089	0,089
0:50:19	37,0	0,088	0,089	0,090	0,092	0,090	0,094	0,093	0,091	0,091	0,092	0,090	0,089	0,096	0,089	0,091	0,092	0,092	0,092	0,093	0,089	0,092	0,090	0,090	0,089	0,089	0,090	0,090	0,093	0,093	0,092	0,093	0,089	0,090	0,093	0,089	0,090	0,089	0,089	0,092	0,092	0,090	0,092	0,093	0,088	0,090	0,090	0,090	0,089	0,088	0,090	0,088	0,093	0,092	0,090	0,093	0,088	0,090	0,089	0,090	0,089	0,090	0,088	0,088	0,098	0,093	0,094	0,096	0,087	0,091	0,089	0,091	0,090	0,091	0,089	0,088	0,091	0,092	0,090	0,097	0,090	0,090	0,088	0,091	0,090	0,088	0,090	0,088	0,092	0,093	0,090	0,092	0,095	0,091	0,089	0,090	0,090
1:00:19	37,0	0,089	0,090	0,091	0,094	0,092	0,096	0,095	0,092	0,092	0,093	0,091	0,091	0,097	0,091	0,093	0,093	0,094	0,095	0,095	0,090	0,093	0,091	0,092	0,091	0,090	0,091	0,092	0,095	0,095	0,095	0,095	0,090	0,092	0,093	0,091	0,092	0,090	0,090	0,094	0,093	0,092	0,095	0,094	0,089	0,091	0,091	0,092	0,091	0,088	0,091	0,089	0,096	0,093	0,092	0,095	0,089	0,091	0,090	0,092	0,090	0,091	0,089	0,088	0,100	0,094	0,096	0,098	0,089	0,092	0,090	0,092	0,092	0,092	0,091	0,090	0,093	0,094	0,092	0,099	0,091	0,091	0,089	0,093	0,091	0,088	0,092	0,090	0,094	0,095	0,092	0,094	0,096	0,093	0,090	0,092	0,092
1:10:19	37,0	0,090	0,092	0,095	0,097	0,095	0,100	0,097	0,094	0,094	0,095	0,094	0,094	0,099	0,092	0,097	0,096	0,097	0,099	0,097	0,092	0,095	0,092	0,095	0,094	0,092	0,093	0,096	0,098	0,098	0,099	0,097	0,092	0,094	0,095	0,093	0,094	0,091	0,091	0,098	0,097	0,095	0,099	0,097	0,091	0,094	0,093	0,095	0,094	0,090	0,093	0,090	0,099	0,096	0,095	0,098	0,091	0,093	0,092	0,095	0,094	0,092	0,091	0,090	0,103	0,097	0,099	0,101	0,090	0,095	0,091	0,095	0,096	0,094	0,092	0,092	0,097	0,097	0,095	0,101	0,093	0,093	0,091	0,096	0,094	0,090	0,093	0,092	0,098	0,098	0,095	0,097	0,098	0,095	0,091	0,095	0,095
1:20:19	37,0	0,092	0,095	0,099	0,103	0,100	0,106	0,102	0,097	0,098	0,097	0,098	0,098	0,101	0,095	0,102	0,100	0,101	0,105	0,101	0,095	0,098	0,094	0,099	0,098	0,095	0,096	0,101	0,103	0,102	0,105	0,101	0,095	0,096	0,097	0,098	0,098	0,094	0,094	0,103	0,102	0,099	0,105	0,100	0,094	0,097	0,095	0,099	0,098	0,093	0,096	0,092	0,103	0,099	0,100	0,102	0,093	0,097	0,094	0,099	0,098	0,095	0,094	0,092	0,107	0,102	0,103	0,105	0,093	0,098	0,094	0,100	0,101	0,097	0,095	0,095	0,101	0,101	0,099	0,105	0,096	0,096	0,093	0,100	0,098	0,092	0,096	0,095	0,102	0,103	0,099	0,101	0,101	0,098	0,094	0,099	0,100
1:30:19	37,0	0,096	0,098	0,105	0,111	0,106	0,115	0,107	0,101	0,102	0,101	0,104	0,105	0,105	0,099	0,108	0,105	0,107	0,113	0,106	0,098	0,102	0,098	0,105	0,104	0,098	0,099	0,108	0,110	0,109	0,114	0,106	0,099	0,101	0,100	0,103	0,104	0,098	0,097	0,110	0,110	0,105	0,115	0,105	0,098	0,102	0,099	0,105	0,104	0,096	0,100	0,096	0,111	0,104	0,107	0,107	0,097	0,101	0,097	0,105	0,105	0,099	0,098	0,095	0,113	0,107	0,110	0,110	0,096	0,102	0,097	0,106	0,107	0,101	0,099	0,099	0,109	0,107	0,105	0,111	0,100	0,101	0,097	0,106	0,104	0,095	0,100	0,100	0,109	0,109	0,106	0,106	0,105	0,103	0,097	0,105	0,106
1:40:19	37,0	0,101	0,103	0,114	0,121	0,116	0,128	0,115	0,107	0,109	0,106	0,113	0,113	0,110	0,104	0,117	0,114	0,117	0,126	0,113	0,104	0,108	0,103	0,113	0,113	0,104	0,104	0,114	0,120	0,118	0,127	0,114	0,104	0,107	0,105	0,112	0,113	0,102	0,102	0,117	0,120	0,115	0,127	0,112	0,104	0,108	0,104	0,115	0,113	0,101	0,105	0,100	0,120	0,113	0,117	0,115	0,102	0,107	0,102	0,114	0,115	0,104	0,103	0,100	0,123	0,117	0,120	0,117	0,101	0,108	0,102	0,115	0,117	0,106	0,104	0,105	0,119	0,117	0,115	0,118	0,105	0,107	0,102	0,115	0,113	0,099	0,105	0,106	0,120	0,119	0,116	0,114	0,111	0,110	0,103	0,114	0,114
1:50:19	37,0	0,108	0,111	0,124	0,136	0,130	0,143	0,125	0,115	0,117	0,113	0,125	0,125	0,117	0,111	0,127	0,125	0,130	0,141	0,122	0,111	0,117	0,111	0,126	0,124	0,111	0,112	0,123	0,132	0,130	0,141	0,124	0,112	0,115	0,112	0,124	0,124	0,109	0,108	0,125	0,132	0,127	0,142	0,121	0,112	0,117	0,111	0,127	0,125	0,107	0,112	0,106	0,132	0,123	0,129	0,125	0,108	0,116	0,109	0,126	0,128	0,112	0,110	0,106	0,135	0,129	0,131	0,128	0,107	0,117	0,109	0,127	0,130	0,114	0,111	0,113	0,133	0,130	0,128	0,128	0,113	0,115	0,110	0,127	0,124	0,104	0,112	0,114	0,133	0,133	0,128	0,125	0,119	0,118	0,111	0,127	0,127
2:00:19	37,0	0,117	0,119	0,136	0,151	0,144	0,157	0,138	0,126	0,129	0,122	0,139	0,140	0,126	0,120	0,138	0,138	0,143	0,158	0,135	0,120	0,128	0,121	0,140	0,138	0,121	0,121	0,134	0,147	0,144	0,158	0,136	0,122	0,125	0,122	0,137	0,138	0,117	0,115	0,136	0,147	0,139	0,158	0,131	0,122	0,128	0,121	0,142	0,139	0,116	0,121	0,113	0,146	0,136	0,145	0,136	0,118	0,126	0,118	0,141	0,142	0,121	0,119	0,113	0,148	0,142	0,147	0,139	0,116	0,128	0,119	0,141	0,144	0,124	0,120	0,122	0,146	0,142	0,141	0,140	0,123	0,127	0,120	0,141	0,137	0,112	0,122	0,124	0,148	0,149	0,142	0,137	0,131	0,130	0,121	0,141	0,141
2:10:19	37,0	0,127	0,131	0,151	0,170	0,159	0,176	0,151	0,138	0,141	0,136	0,151	0,153	0,136	0,130	0,153	0,154	0,159	0,177	0,147	0,132	0,141	0,134	0,155	0,153	0,131	0,131	0,147	0,163	0,158	0,177	0,150	0,133	0,136	0,134	0,153	0,153	0,127	0,125	0,151	0,164	0,156	0,177	0,143	0,133	0,140	0,134	0,157	0,154	0,125	0,132	0,123	0,162	0,151	0,164	0,150	0,128	0,138	0,131	0,156	0,158	0,131	0,129	0,122	0,164	0,160	0,166	0,152	0,126	0,139	0,131	0,157	0,160	0,135	0,130	0,134	0,161	0,159	0,158	0,152	0,135	0,139	0,133	0,156	0,153	0,121	0,133	0,137	0,164	0,165	0,159	0,151	0,143	0,143	0,134	0,157	0,156
2:20:19	37,0	0,141	0,144	0,169	0,192	0,178	0,199	0,169	0,152	0,155	0,150	0,171	0,172	0,149	0,142	0,170	0,170	0,176	0,201	0,162	0,144	0,153	0,147	0,173	0,172	0,143	0,142	0,166	0,181	0,179	0,200	0,166	0,145	0,150	0,149	0,171	0,171	0,141	0,137	0,170	0,184	0,177	0,202	0,159	0,146	0,154	0,149	0,175	0,173	0,137	0,145	0,135	0,183	0,169	0,184	0,166	0,140	0,153	0,146	0,175	0,177	0,145	0,142	0,134	0,182	0,178	0,189	0,170	0,139	0,154	0,146	0,177	0,180	0,148	0,143	0,148	0,181	0,177	0,178	0,168	0,148	0,152	0,146	0,174	0,172	0,133	0,146	0,151	0,183	0,183	0,178	0,167	0,156	0,157	0,148	0,175	0,175
2:30:19	37,0	0,157	0,162	0,191	0,214	0,200	0,223	0,189	0,166	0,172	0,166	0,192	0,192	0,164	0,159	0,192	0,187	0,201	0,226	0,182	0,158	0,169	0,163	0,194	0,193	0,160	0,158	0,188	0,202	0,201	0,224	0,185	0,160	0,165	0,165	0,193	0,192	0,158	0,152	0,191	0,206	0,201	0,224	0,177	0,161	0,170	0,166	0,197	0,195	0,152	0,161	0,149	0,205	0,188	0,207	0,187	0,154	0,168	0,160	0,194	0,198	0,161	0,158	0,148	0,203	0,199	0,211	0,189	0,151	0,171	0,162	0,197	0,202	0,165	0,158	0,166	0,202	0,199	0,200	0,188	0,162	0,169	0,162	0,196	0,192	0,148	0,164	0,170	0,203	0,206	0,199	0,188	0,172	0,174	0,165	0,196	0,196
2:40:19	37,0	0,177	0,181	0,216	0,239	0,224	0,248	0,215	0,183	0,193	0,185	0,216	0,215	0,184	0,178	0,217	0,209	0,225	0,252	0,207	0,176	0,190	0,182	0,219	0,217	0,180	0,180	0,213	0,226	0,226	0,249	0,210	0,179	0,186	0,183	0,217	0,216	0,177	0,170	0,216	0,229	0,225	0,250	0,197	0,185	0,194	0,182	0,222	0,220	0,170	0,183	0,167	0,233	0,208	0,231	0,209	0,172	0,190	0,178	0,220	0,222	0,180	0,180	0,166	0,226	0,223	0,236	0,211	0,169	0,194	0,179	0,223	0,226	0,186	0,178	0,186	0,227	0,225	0,225	0,212	0,183	0,190	0,182	0,219	0,216	0,164	0,184	0,192	0,224	0,231	0,223	0,210	0,194	0,198	0,185	0,220	0,217
2:50:19	37,0	0,195	0,204	0,247	0,262	0,250	0,270	0,233	0,214	0,216	0,205	0,243	0,242	0,206	0,200	0,249	0,229	0,250	0,277	0,225	0,207	0,217	0,204	0,244	0,244	0,202	0,202	0,245	0,251	0,255	0,274	0,228	0,217	0,219	0,205	0,240	0,241	0,200	0,191	0,244	0,252	0,252	0,274	0,212	0,220	0,221	0,202	0,246	0,246	0,190	0,203	0,186	0,255	0,229	0,256	0,225	0,205	0,223	0,198	0,244	0,247	0,202	0,200	0,183	0,248	0,247	0,261	0,229	0,202	0,228	0,200	0,246	0,250	0,208	0,202	0,210	0,249	0,251	0,250	0,230	0,214	0,216	0,203	0,245	0,245	0,182	0,206	0,216	0,246	0,255	0,247	0,229	0,222	0,223	0,207	0,246	0,246
3:00:19	37,0	0,219	0,231	0,271	0,284	0,273	0,295	0,252	0,226	0,235	0,229	0,269	0,267	0,231	0,226	0,273	0,251	0,276	0,304	0,241	0,232	0,234	0,226	0,272	0,270	0,230	0,228	0,265	0,279	0,280	0,304	0,248	0,231	0,230	0,231	0,264	0,267	0,227	0,213	0,270	0,279	0,274	0,298	0,234	0,247	0,236	0,226	0,274	0,271	0,211	0,229	0,207	0,276	0,249	0,287	0,241	0,220	0,248	0,219	0,269	0,272	0,226	0,226	0,205	0,274	0,271	0,286	0,248	0,221	0,240	0,222	0,275	0,276	0,235	0,224	0,237	0,274	0,275	0,277	0,247	0,228	0,231	0,227	0,270	0,273	0,202	0,233	0,245	0,270	0,281	0,271	0,244	0,240	0,243	0,230	0,272	0,269
3:10:19	37,0	0,244	0,254	0,294	0,309	0,302	0,319	0,278	0,260	0,265	0,252	0,298	0,295	0,256	0,250	0,297	0,275	0,306	0,332	0,260	0,244	0,275	0,250	0,301	0,297	0,256	0,254	0,293	0,308	0,309	0,331	0,268	0,271	0,268	0,259	0,295	0,295	0,255	0,237	0,299	0,308	0,299	0,322	0,251	0,280	0,274	0,250	0,298	0,298	0,238	0,255	0,232	0,298	0,271	0,310	0,269	0,251	0,277	0,241	0,296	0,300	0,251	0,251	0,228	0,298	0,298	0,316	0,269	0,243	0,277	0,242	0,301	0,304	0,262	0,250	0,258	0,303	0,305	0,304	0,268	0,274	0,274	0,251	0,297	0,304	0,224	0,259	0,268	0,295	0,308	0,296	0,266	0,273	0,272	0,254	0,298	0,297
3:20:19	37,0	0,264	0,277	0,313	0,329	0,327	0,342	0,303	0,311	0,311	0,276	0,327	0,325	0,280	0,272	0,317	0,299	0,335	0,360	0,289	0,283	0,314	0,276	0,327	0,327	0,278	0,276	0,308	0,333	0,334	0,362	0,297	0,304	0,300	0,289	0,322	0,327	0,279	0,256	0,322	0,335	0,322	0,346	0,274	0,298	0,296	0,271	0,325	0,327	0,258	0,278	0,250	0,320	0,291	0,333	0,293	0,273	0,314	0,263	0,324	0,329	0,272	0,271	0,244	0,323	0,324	0,346	0,293	0,263	0,304	0,264	0,331	0,332	0,285	0,271	0,280	0,327	0,332	0,328	0,296	0,287	0,287	0,276	0,321	0,338	0,241	0,277	0,289	0,319	0,334	0,320	0,292	0,314	0,317	0,279	0,325	0,327
3:30:19	37,0	0,286	0,303	0,331	0,352	0,357	0,366	0,331	0,323	0,305	0,306	0,351	0,351	0,300	0,294	0,337	0,321	0,360	0,381	0,313	0,295	0,340	0,304	0,354	0,354	0,302	0,297	0,332	0,354	0,362	0,384	0,315	0,315	0,321	0,322	0,349	0,345	0,305	0,276	0,340	0,361	0,345	0,368	0,307	0,314	0,308	0,295	0,350	0,350	0,277	0,299	0,272	0,347	0,318	0,356	0,300	0,274	0,336	0,285	0,348	0,348	0,296	0,295	0,265	0,346	0,351	0,367	0,324	0,276	0,315	0,289	0,359	0,350	0,312	0,294	0,299	0,354	0,359	0,352	0,314	0,298	0,300	0,301	0,344	0,372	0,258	0,303	0,310	0,343	0,360	0,344	0,317	0,323	0,338	0,306	0,348	0,351
3:40:19	37,0	0,308	0,328	0,346	0,374	0,384	0,389	0,354	0,348	0,316	0,340	0,371	0,366	0,320	0,316	0,352	0,340	0,386	0,408	0,332	0,312	0,350	0,331	0,371	0,374	0,323	0,318	0,347	0,376	0,388	0,407	0,331	0,322	0,336	0,354	0,373	0,364	0,325	0,290	0,360	0,391	0,370	0,395	0,314	0,322	0,325	0,319	0,363	0,362	0,296	0,323	0,292	0,376	0,344	0,378	0,310	0,289	0,347	0,306	0,362	0,358	0,312	0,317	0,287	0,373	0,377	0,389	0,340	0,285	0,327	0,313	0,376	0,361	0,329	0,316	0,322	0,376	0,389	0,378	0,336	0,321	0,319	0,328	0,359	0,395	0,274	0,326	0,329	0,366	0,386	0,370	0,335	0,343	0,358	0,328	0,362	0,368
3:50:19	37,0	0,331	0,346	0,355	0,393	0,409	0,410	0,367	0,351	0,330	0,366	0,382	0,383	0,339	0,332	0,364	0,361	0,409	0,424	0,358	0,320	0,353	0,353	0,387	0,387	0,345	0,333	0,353	0,397	0,412	0,424	0,366	0,341	0,355	0,377	0,390	0,378	0,340	0,312	0,379	0,412	0,393	0,410	0,333	0,345	0,346	0,339	0,375	0,372	0,311	0,337	0,313	0,398	0,364	0,397	0,343	0,304	0,364	0,327	0,376	0,374	0,328	0,335	0,302	0,395	0,399	0,408	0,363	0,291	0,340	0,334	0,388	0,381	0,346	0,335	0,339	0,396	0,411	0,400	0,354	0,345	0,341	0,349	0,371	0,412	0,287	0,343	0,344	0,387	0,410	0,395	0,352	0,364	0,375	0,349	0,372	0,390
4:00:19	37,1	0,351	0,365	0,364	0,407	0,428	0,414	0,377	0,364	0,342	0,387	0,394	0,395	0,359	0,347	0,370	0,375	0,426	0,434	0,369	0,331	0,369	0,367	0,403	0,400	0,365	0,353	0,358	0,417	0,429	0,435	0,385	0,351	0,368	0,389	0,407	0,396	0,353	0,333	0,395	0,428	0,409	0,422	0,338	0,347	0,363	0,353	0,387	0,384	0,329	0,356	0,326	0,416	0,376	0,415	0,369	0,318	0,383	0,348	0,388	0,392	0,343	0,350	0,318	0,416	0,418	0,423	0,378	0,298	0,347	0,346	0,397	0,398	0,361	0,349	0,350	0,417	0,427	0,417	0,378	0,358	0,360	0,364	0,381	0,422	0,300	0,359	0,355	0,403	0,428	0,414	0,358	0,379	0,389	0,367	0,384	0,414
4:10:19	37,0	0,365	0,376	0,372	0,414	0,433	0,419	0,380	0,375	0,354	0,401	0,401	0,403	0,369	0,357	0,375	0,388	0,437	0,442	0,377	0,346	0,388	0,380	0,416	0,412	0,385	0,368	0,365	0,430	0,444	0,445	0,389	0,358	0,386	0,402	0,418	0,410	0,361	0,348	0,409	0,438	0,421	0,432	0,350	0,350	0,371	0,363	0,398	0,401	0,342	0,370	0,343	0,426	0,384	0,422	0,380	0,327	0,391	0,364	0,399	0,404	0,358	0,361	0,329	0,428	0,432	0,431	0,381	0,306	0,351	0,356	0,406	0,409	0,372	0,362	0,360	0,426	0,440	0,427	0,380	0,369	0,378	0,378	0,390	0,427	0,310	0,369	0,364	0,410	0,435	0,424	0,364	0,400	0,390	0,383	0,397	0,424
4:20:19	37,1	0,374	0,387	0,375	0,420	0,438	0,422	0,380	0,390	0,371	0,416	0,406	0,410	0,377	0,366	0,383	0,396	0,441	0,449	0,377	0,359	0,398	0,392	0,429	0,419	0,401	0,379	0,370	0,436	0,448	0,454	0,388	0,366	0,395	0,412	0,423	0,416	0,372	0,360	0,412	0,445	0,427	0,441	0,354	0,355	0,381	0,369	0,406	0,412	0,360	0,387	0,352	0,433	0,387	0,429	0,381	0,334	0,397	0,376	0,406	0,412	0,367	0,373	0,340	0,437	0,437	0,435	0,380	0,317	0,357	0,362	0,410	0,418	0,383	0,372	0,366	0,433	0,444	0,433	0,379	0,378	0,389	0,391	0,397	0,431	0,318	0,380	0,372	0,420	0,442	0,432	0,366	0,407	0,391	0,403	0,406	0,430
4:30:19	37,0	0,387	0,395	0,379	0,429	0,445	0,426	0,379	0,396	0,376	0,425	0,412	0,418	0,382	0,375	0,387	0,401	0,447	0,455	0,378	0,376	0,403	0,400	0,426	0,423	0,410	0,386	0,375	0,446	0,453	0,460	0,388	0,373	0,396	0,422	0,428	0,420	0,380	0,370	0,414	0,450	0,435	0,446	0,355	0,362	0,388	0,379	0,409	0,421	0,370	0,398	0,361	0,441	0,392	0,431	0,384	0,344	0,398	0,386	0,410	0,420	0,374	0,382	0,347	0,443	0,443	0,439	0,378	0,334	0,364	0,369	0,413	0,423	0,395	0,377	0,373	0,440	0,450	0,438	0,378	0,383	0,393	0,399	0,404	0,433	0,327	0,384	0,376	0,425	0,446	0,436	0,366	0,408	0,392	0,414	0,417	0,435
4:40:19	37,0	0,401	0,401	0,377	0,430	0,449	0,430	0,378	0,398	0,382	0,430	0,416	0,418	0,392	0,382	0,390	0,407	0,448	0,458	0,376	0,385	0,403	0,408	0,437	0,426	0,417	0,391	0,378	0,449	0,458	0,461	0,385	0,379	0,394	0,430	0,437	0,426	0,387	0,377	0,414	0,456	0,442	0,448	0,358	0,367	0,391	0,387	0,412	0,430	0,376	0,403	0,366	0,448	0,397	0,432	0,382	0,355	0,401	0,391	0,412	0,427	0,381	0,388	0,352	0,448	0,445	0,443	0,380	0,343	0,365	0,377	0,421	0,426	0,402	0,385	0,380	0,446	0,454	0,443	0,378	0,391	0,388	0,407	0,411	0,435	0,332	0,390	0,382	0,429	0,450	0,438	0,367	0,404	0,395	0,420	0,422	0,441
4:50:19	37,0	0,403	0,403	0,380	0,433	0,453	0,431	0,379	0,399	0,393	0,431	0,419	0,428	0,397	0,387	0,392	0,412	0,450	0,461	0,374	0,384	0,403	0,413	0,450	0,431	0,416	0,395	0,381	0,455	0,459	0,464	0,387	0,380	0,402	0,434	0,445	0,432	0,393	0,380	0,414	0,461	0,447	0,451	0,359	0,375	0,400	0,388	0,418	0,436	0,378	0,407	0,371	0,454	0,401	0,436	0,385	0,356	0,403	0,392	0,416	0,434	0,388	0,392	0,357	0,453	0,450	0,447	0,384	0,347	0,373	0,381	0,428	0,430	0,406	0,388	0,384	0,448	0,456	0,446	0,378	0,389	0,390	0,409	0,418	0,440	0,338	0,394	0,385	0,433	0,454	0,440	0,371	0,406	0,400	0,424	0,426	0,442
5:00:19	37,0	0,408	0,405	0,384	0,434	0,457	0,433	0,381	0,402	0,390	0,431	0,422	0,428	0,398	0,390	0,397	0,417	0,452	0,463	0,374	0,394	0,410	0,419	0,460	0,437	0,417	0,401	0,388	0,461	0,461	0,466	0,383	0,395	0,407	0,438	0,449	0,436	0,397	0,385	0,415	0,464	0,451	0,456	0,362	0,387	0,402	0,393	0,418	0,441	0,382	0,409	0,372	0,457	0,406	0,438	0,387	0,363	0,406	0,394	0,424	0,439	0,393	0,395	0,361	0,457	0,453	0,451	0,383	0,355	0,381	0,387	0,435	0,432	0,409	0,393	0,388	0,452	0,461	0,451	0,377	0,398	0,396	0,410	0,425	0,442	0,344	0,397	0,390	0,435	0,459	0,444	0,375	0,413	0,406	0,428	0,432	0,447
5:10:19	37,0	0,414	0,410	0,392	0,439	0,463	0,435	0,381	0,408	0,398	0,433	0,426	0,432	0,402	0,394	0,402	0,423	0,453	0,466	0,375	0,399	0,412	0,425	0,471	0,447	0,419	0,406	0,396	0,466	0,464	0,469	0,387	0,402	0,411	0,443	0,454	0,439	0,401	0,386	0,418	0,468	0,455	0,459	0,364	0,392	0,406	0,402	0,421	0,446	0,385	0,414	0,374	0,460	0,411	0,443	0,386	0,368	0,411	0,402	0,423	0,445	0,400	0,401	0,362	0,460	0,456	0,455	0,384	0,364	0,389	0,391	0,439	0,436	0,414	0,397	0,391	0,456	0,465	0,456	0,380	0,403	0,401	0,413	0,430	0,444	0,353	0,401	0,396	0,440	0,464	0,451	0,375	0,420	0,414	0,434	0,438	0,451
5:20:19	37,0	0,416	0,412	0,393	0,442	0,466	0,438	0,384	0,415	0,407	0,432	0,426	0,441	0,406	0,398	0,406	0,427	0,458	0,469	0,379	0,404	0,417	0,431	0,482	0,451	0,422	0,411	0,403	0,470	0,469	0,473	0,390	0,403	0,414	0,448	0,459	0,440	0,404	0,390	0,421	0,473	0,460	0,462	0,368	0,396	0,412	0,407	0,429	0,454	0,389	0,417	0,378	0,463	0,415	0,449	0,388	0,376	0,416	0,408	0,431	0,454	0,402	0,405	0,367	0,463	0,461	0,459	0,387	0,374	0,395	0,393	0,445	0,441	0,417	0,401	0,393	0,459	0,470	0,462	0,384	0,408	0,407	0,415	0,434	0,446	0,360	0,403	0,401	0,443	0,468	0,456	0,378	0,424	0,423	0,436	0,444	0,458
5:30:19	37,0	0,422	0,415	0,394	0,446	0,472	0,441	0,387	0,421	0,415	0,431	0,433	0,443	0,412	0,402	0,413	0,429	0,464	0,474	0,384	0,407	0,422	0,434	0,496	0,463	0,425	0,416	0,409	0,474	0,473	0,475	0,394	0,408	0,422	0,451	0,470	0,446	0,408	0,392	0,425	0,477	0,465	0,467	0,371	0,402	0,419	0,414	0,439	0,460	0,394	0,420	0,381	0,468	0,420	0,455	0,392	0,379	0,421	0,415	0,441	0,460	0,405	0,410	0,370	0,467	0,465	0,464	0,393	0,380	0,403	0,399	0,454	0,445	0,421	0,405	0,397	0,461	0,474	0,465	0,387	0,414	0,413	0,420	0,439	0,448	0,367	0,406	0,405	0,446	0,471	0,460	0,384	0,433	0,428	0,438	0,449	0,468
5:40:19	37,0	0,423	0,418	0,398	0,450	0,477	0,446	0,394	0,426	0,419	0,433	0,439	0,443	0,415	0,406	0,418	0,431	0,464	0,479	0,386	0,413	0,427	0,430	0,504	0,469	0,428	0,420	0,414	0,475	0,477	0,480	0,396	0,414	0,426	0,454	0,479	0,446	0,411	0,395	0,427	0,481	0,468	0,471	0,373	0,408	0,425	0,422	0,446	0,464	0,399	0,423	0,385	0,470	0,425	0,461	0,395	0,386	0,425	0,422	0,443	0,463	0,409	0,414	0,375	0,471	0,470	0,470	0,394	0,387	0,411	0,403	0,460	0,450	0,426	0,409	0,401	0,465	0,480	0,468	0,392	0,417	0,419	0,423	0,444	0,453	0,374	0,409	0,408	0,453	0,475	0,464	0,391	0,433	0,434	0,439	0,453	0,474
5:50:19	37,0	0,426	0,421	0,404	0,454	0,478	0,449	0,399	0,430	0,423	0,432	0,441	0,454	0,418	0,409	0,426	0,437	0,467	0,483	0,390	0,417	0,430	0,435	0,512	0,481	0,431	0,425	0,419	0,483	0,482	0,483	0,400	0,420	0,432	0,460	0,488	0,450	0,414	0,399	0,431	0,485	0,472	0,474	0,378	0,413	0,429	0,433	0,457	0,473	0,404	0,426	0,391	0,474	0,429	0,465	0,399	0,392	0,429	0,427	0,455	0,470	0,413	0,419	0,378	0,476	0,475	0,476	0,397	0,396	0,416	0,412	0,469	0,454	0,429	0,412	0,405	0,468	0,481	0,473	0,396	0,422	0,423	0,422	0,446	0,457	0,380	0,412	0,412	0,454	0,481	0,464	0,393	0,438	0,439	0,441	0,458	0,481
6:00:19	37,0	0,429	0,424	0,407	0,457	0,483	0,456	0,404	0,436	0,430	0,435	0,446	0,459	0,422	0,413	0,433	0,443	0,473	0,487	0,393	0,422	0,435	0,441	0,523	0,479	0,435	0,430	0,425	0,485	0,489	0,487	0,404	0,425	0,438	0,463	0,494	0,454	0,418	0,403	0,435	0,489	0,476	0,478	0,382	0,418	0,434	0,441	0,465	0,478	0,407	0,430	0,396	0,478	0,434	0,468	0,405	0,399	0,434	0,431	0,464	0,477	0,417	0,423	0,383	0,477	0,478	0,479	0,402	0,403	0,423	0,419	0,481	0,459	0,433	0,417	0,407	0,471	0,487	0,476	0,399	0,428	0,427	0,428	0,456	0,463	0,386	0,415	0,415	0,460	0,483	0,470	0,398	0,442	0,443	0,442	0,466	0,486
6:10:19	37,0	0,432	0,428	0,410	0,461	0,485	0,460	0,407	0,443	0,437	0,440	0,450	0,458	0,425	0,416	0,439	0,451	0,479	0,491	0,397	0,427	0,441	0,449	0,533	0,485	0,439	0,435	0,429	0,491	0,490	0,492	0,409	0,431	0,446	0,470	0,501	0,460	0,422	0,406	0,440	0,493	0,480	0,483	0,385	0,424	0,440	0,450	0,476	0,479	0,411	0,433	0,400	0,482	0,439	0,474	0,406	0,406	0,440	0,438	0,473	0,483	0,420	0,429	0,386	0,480	0,481	0,483	0,406	0,414	0,432	0,429	0,489	0,465	0,438	0,421	0,411	0,478	0,489	0,480	0,404	0,433	0,433	0,431	0,460	0,469	0,394	0,419	0,420	0,464	0,487	0,474	0,402	0,448	0,452	0,441	0,471	0,495
6:20:19	37,0	0,435	0,430	0,416	0,467	0,491	0,466	0,412	0,452	0,446	0,444	0,453	0,470	0,427	0,421	0,446	0,456	0,485	0,489	0,400	0,433	0,447	0,459	0,539	0,496	0,443	0,440	0,435	0,493	0,492	0,495	0,410	0,438	0,451	0,477	0,504	0,467	0,426	0,410	0,445	0,497	0,482	0,487	0,390	0,430	0,445	0,455	0,488	0,487	0,415	0,436	0,405	0,487	0,442	0,476	0,408	0,415	0,444	0,444	0,483	0,498	0,424	0,433	0,391	0,484	0,485	0,488	0,407	0,425	0,439	0,439	0,497	0,471	0,441	0,425	0,418	0,481	0,491	0,482	0,408	0,437	0,438	0,436	0,468	0,475	0,402	0,422	0,423	0,470	0,490	0,480	0,408	0,454	0,460	0,443	0,476	0,499
6:30:19	37,0	0,437	0,433	0,418	0,467	0,499	0,473	0,416	0,461	0,452	0,446	0,464	0,484	0,432	0,425	0,454	0,463	0,489	0,496	0,402	0,441	0,454	0,461	0,541	0,498	0,448	0,445	0,441	0,495	0,497	0,501	0,413	0,446	0,458	0,480	0,511	0,472	0,429	0,414	0,451	0,501	0,486	0,492	0,394	0,438	0,452	0,463	0,498	0,493	0,421	0,441	0,410	0,493	0,447	0,482	0,412	0,425	0,450	0,451	0,493	0,505	0,427	0,439	0,396	0,490	0,488	0,493	0,412	0,437	0,449	0,451	0,505	0,473	0,444	0,430	0,424	0,484	0,496	0,485	0,414	0,444	0,445	0,444	0,471	0,477	0,412	0,428	0,427	0,474	0,497	0,482	0,415	0,461	0,469	0,445	0,483	0,511
6:40:19	37,0	0,440	0,438	0,426	0,469	0,502	0,477	0,420	0,474	0,464	0,453	0,469	0,491	0,437	0,429	0,460	0,466	0,494	0,501	0,411	0,452	0,464	0,466	0,546	0,510	0,452	0,450	0,446	0,500	0,502	0,505	0,415	0,456	0,466	0,487	0,519	0,478	0,433	0,418	0,457	0,504	0,490	0,496	0,398	0,448	0,460	0,472	0,504	0,497	0,427	0,445	0,413	0,494	0,451	0,485	0,415	0,435	0,457	0,457	0,503	0,518	0,432	0,442	0,400	0,493	0,496	0,496	0,417	0,441	0,459	0,460	0,510	0,482	0,449	0,434	0,431	0,491	0,502	0,488	0,420	0,452	0,455	0,447	0,483	0,484	0,420	0,429	0,431	0,480	0,499	0,487	0,418	0,469	0,480	0,445	0,490	0,517
6:50:19	37,0	0,443	0,440	0,434	0,469	0,504	0,480	0,426	0,488	0,477	0,457	0,478	0,499	0,442	0,434	0,467	0,470	0,497	0,503	0,413	0,468	0,481	0,468	0,553	0,518	0,456	0,455	0,452	0,506	0,505	0,508	0,419	0,470	0,480	0,493	0,525	0,486	0,437	0,423	0,462	0,509	0,495	0,502	0,402	0,460	0,472	0,477	0,512	0,502	0,431	0,450	0,420	0,498	0,456	0,488	0,419	0,451	0,470	0,461	0,510	0,526	0,436	0,447	0,406	0,497	0,499	0,501	0,421	0,446	0,473	0,459	0,516	0,492	0,451	0,439	0,435	0,493	0,509	0,491	0,424	0,465	0,464	0,455	0,497	0,492	0,428	0,434	0,435	0,483	0,503	0,491	0,422	0,480	0,492	0,446	0,499	0,523
7:00:19	37,0	0,446	0,445	0,439	0,476	0,507	0,485	0,432	0,511	0,497	0,463	0,480	0,502	0,447	0,438	0,475	0,474	0,501	0,506	0,421	0,483	0,501	0,469	0,561	0,525	0,461	0,458	0,459	0,507	0,510	0,511	0,425	0,485	0,505	0,496	0,529	0,493	0,440	0,427	0,467	0,512	0,499	0,507	0,407	0,473	0,487	0,486	0,520	0,507	0,436	0,455	0,423	0,500	0,460	0,492	0,423	0,462	0,487	0,470	0,516	0,535	0,441	0,450	0,413	0,501	0,504	0,505	0,426	0,456	0,488	0,467	0,522	0,500	0,455	0,444	0,441	0,495	0,509	0,492	0,431	0,482	0,478	0,463	0,508	0,497	0,435	0,437	0,440	0,487	0,508	0,495	0,428	0,492	0,499	0,455	0,508	0,532
7:10:19	37,0	0,451	0,449	0,445	0,479	0,513	0,490	0,438	0,542	0,519	0,470	0,490	0,509	0,453	0,444	0,481	0,479	0,505	0,510	0,424	0,505	0,529	0,476	0,569	0,532	0,466	0,461	0,466	0,510	0,514	0,515	0,430	0,499	0,521	0,505	0,537	0,498	0,444	0,433	0,472	0,516	0,505	0,511	0,413	0,490	0,504	0,496	0,531	0,514	0,441	0,458	0,430	0,505	0,465	0,497	0,429	0,471	0,504	0,479	0,525	0,544	0,446	0,458	0,419	0,506	0,508	0,510	0,432	0,468	0,502	0,479	0,527	0,508	0,459	0,451	0,448	0,502	0,513	0,497	0,437	0,497	0,492	0,472	0,514	0,504	0,443	0,442	0,444	0,491	0,512	0,501	0,435	0,507	0,519	0,463	0,511	0,543
7:20:19	37,0	0,455	0,453	0,453	0,482	0,514	0,491	0,447	0,551	0,538	0,475	0,498	0,520	0,459	0,449	0,487	0,483	0,508	0,514	0,430	0,514	0,548	0,485	0,577	0,551	0,469	0,467	0,472	0,514	0,518	0,521	0,435	0,509	0,528	0,509	0,541	0,505	0,449	0,438	0,479	0,520	0,508	0,515	0,422	0,502	0,520	0,499	0,538	0,519	0,444	0,463	0,435	0,509	0,469	0,504	0,434	0,485	0,515	0,480	0,535	0,550	0,453	0,463	0,425	0,509	0,512	0,513	0,439	0,482	0,517	0,484	0,534	0,513	0,464	0,456	0,456	0,505	0,516	0,503	0,443	0,509	0,507	0,484	0,524	0,510	0,451	0,447	0,450	0,495	0,517	0,505	0,441	0,516	0,535	0,473	0,517	0,547
7:30:19	37,0	0,458	0,458	0,461	0,487	0,518	0,496	0,454	0,572	0,561	0,481	0,506	0,526	0,465	0,455	0,493	0,487	0,514	0,516	0,438	0,522	0,560	0,491	0,580	0,558	0,474	0,472	0,478	0,519	0,522	0,525	0,442	0,521	0,538	0,515	0,549	0,513	0,455	0,445	0,486	0,525	0,513	0,519	0,432	0,509	0,534	0,503	0,546	0,526	0,450	0,470	0,440	0,513	0,475	0,507	0,443	0,498	0,529	0,487	0,542	0,558	0,457	0,467	0,431	0,512	0,515	0,518	0,446	0,492	0,527	0,488	0,543	0,519	0,467	0,461	0,459	0,507	0,520	0,508	0,453	0,521	0,517	0,487	0,533	0,517	0,460	0,452	0,456	0,499	0,521	0,510	0,449	0,537	0,547	0,482	0,523	0,554
7:40:19	37,0	0,466	0,463	0,471	0,488	0,523	0,500	0,464	0,580	0,574	0,490	0,515	0,532	0,469	0,460	0,501	0,492	0,519	0,522	0,445	0,534	0,564	0,498	0,587	0,570	0,480	0,478	0,485	0,523	0,525	0,529	0,449	0,535	0,555	0,526	0,557	0,519	0,460	0,451	0,490	0,529	0,518	0,523	0,442	0,520	0,543	0,510	0,553	0,533	0,456	0,475	0,445	0,518	0,479	0,509	0,454	0,510	0,537	0,495	0,548	0,567	0,461	0,471	0,438	0,515	0,519	0,521	0,456	0,502	0,543	0,496	0,551	0,529	0,472	0,468	0,464	0,512	0,523	0,511	0,461	0,533	0,533	0,498	0,541	0,526	0,468	0,458	0,462	0,503	0,525	0,512	0,458	0,549	0,558	0,492	0,531	0,559
7:50:19	37,0	0,468	0,468	0,473	0,493	0,522	0,503	0,472	0,593	0,584	0,494	0,521	0,534	0,477	0,468	0,505	0,495	0,525	0,524	0,457	0,552	0,574	0,507	0,592	0,581	0,484	0,483	0,490	0,527	0,529	0,532	0,460	0,546	0,564	0,528	0,563	0,527	0,465	0,456	0,497	0,534	0,522	0,527	0,454	0,531	0,556	0,515	0,557	0,538	0,461	0,479	0,451	0,525	0,484	0,514	0,465	0,522	0,549	0,502	0,553	0,573	0,467	0,477	0,444	0,519	0,523	0,523	0,469	0,512	0,554	0,502	0,557	0,534	0,476	0,473	0,467	0,516	0,526	0,515	0,474	0,549	0,547	0,509	0,549	0,531	0,475	0,464	0,466	0,508	0,530	0,517	0,468	0,565	0,567	0,507	0,537	0,568
8:00:19	37,0	0,473	0,471	0,477	0,493	0,528	0,509	0,486	0,604	0,593	0,502	0,529	0,542	0,481	0,472	0,508	0,498	0,530	0,529	0,474	0,558	0,587	0,518	0,596	0,586	0,490	0,489	0,496	0,532	0,533	0,536	0,475	0,556	0,574	0,532	0,565	0,536	0,469	0,462	0,501	0,538	0,526	0,532	0,463	0,543	0,565	0,522	0,563	0,549	0,466	0,483	0,456	0,529	0,488	0,520	0,478	0,534	0,557	0,509	0,560	0,573	0,473	0,482	0,449	0,524	0,528	0,528	0,481	0,521	0,568	0,509	0,562	0,543	0,483	0,479	0,473	0,521	0,531	0,522	0,487	0,554	0,558	0,517	0,557	0,535	0,483	0,469	0,471	0,513	0,535	0,523	0,478	0,581	0,577	0,521	0,542	0,577
8:10:19	37,0	0,474	0,478	0,479	0,497	0,532	0,511	0,502	0,615	0,608	0,511	0,538	0,542	0,488	0,476	0,514	0,502	0,535	0,535	0,497	0,571	0,596	0,522	0,604	0,590	0,493	0,493	0,500	0,535	0,537	0,539	0,492	0,567	0,584	0,537	0,571	0,543	0,474	0,466	0,506	0,542	0,528	0,536	0,474	0,556	0,578	0,526	0,569	0,551	0,470	0,490	0,462	0,532	0,493	0,525	0,489	0,542	0,568	0,516	0,566	0,582	0,479	0,487	0,455	0,530	0,531	0,533	0,498	0,527	0,579	0,515	0,566	0,546	0,487	0,485	0,479	0,525	0,535	0,527	0,502	0,564	0,571	0,521	0,564	0,541	0,492	0,473	0,478	0,517	0,541	0,525	0,492	0,594	0,588	0,529	0,550	0,581
8:20:19	37,0	0,477	0,482	0,489	0,501	0,533	0,516	0,524	0,628	0,617	0,518	0,546	0,548	0,494	0,480	0,518	0,506	0,538	0,538	0,505	0,586	0,607	0,529	0,605	0,602	0,499	0,498	0,506	0,539	0,541	0,545	0,503	0,577	0,591	0,545	0,577	0,549	0,478	0,471	0,513	0,545	0,531	0,540	0,488	0,568	0,589	0,531	0,574	0,555	0,475	0,495	0,465	0,536	0,497	0,529	0,499	0,550	0,577	0,522	0,571	0,592	0,485	0,493	0,459	0,532	0,536	0,538	0,510	0,532	0,590	0,523	0,569	0,550	0,492	0,490	0,482	0,528	0,542	0,531	0,519	0,575	0,581	0,526	0,573	0,544	0,498	0,479	0,483	0,521	0,545	0,529	0,513	0,605	0,598	0,538	0,557	0,588
8:30:19	37,0	0,483	0,488	0,495	0,506	0,542	0,520	0,540	0,642	0,632	0,523	0,551	0,555	0,501	0,486	0,523	0,510	0,543	0,543	0,513	0,595	0,620	0,539	0,616	0,610	0,502	0,502	0,512	0,542	0,547	0,548	0,515	0,586	0,602	0,554	0,581	0,556	0,482	0,478	0,519	0,549	0,535	0,543	0,498	0,580	0,597	0,536	0,580	0,558	0,480	0,502	0,471	0,540	0,504	0,534	0,518	0,557	0,587	0,527	0,576	0,596	0,490	0,499	0,465	0,536	0,539	0,541	0,518	0,538	0,601	0,529	0,577	0,554	0,498	0,499	0,487	0,534	0,547	0,536	0,527	0,587	0,594	0,534	0,577	0,549	0,504	0,486	0,488	0,524	0,551	0,532	0,527	0,617	0,607	0,549	0,567	0,595
8:40:19	37,0	0,488	0,493	0,495	0,516	0,544	0,521	0,549	0,657	0,647	0,530	0,561	0,561	0,506	0,494	0,528	0,515	0,547	0,546	0,520	0,605	0,628	0,546	0,616	0,614	0,506	0,508	0,515	0,546	0,552	0,552	0,521	0,592	0,614	0,561	0,586	0,561	0,485	0,484	0,525	0,554	0,540	0,548	0,509	0,587	0,607	0,540	0,585	0,563	0,485	0,504	0,476	0,544	0,509	0,539	0,525	0,566	0,596	0,533	0,583	0,601	0,498	0,504	0,470	0,539	0,545	0,547	0,528	0,544	0,608	0,535	0,582	0,558	0,502	0,503	0,492	0,536	0,552	0,540	0,537	0,598	0,602	0,542	0,583	0,555	0,509	0,490	0,492	0,530	0,556	0,537	0,537	0,630	0,616	0,558	0,574	0,600
8:50:19	37,0	0,492	0,498	0,498	0,517	0,547	0,527	0,556	0,669	0,660	0,538	0,571	0,567	0,510	0,500	0,532	0,518	0,552	0,551	0,524	0,612	0,635	0,551	0,621	0,621	0,510	0,512	0,520	0,550	0,556	0,556	0,530	0,601	0,623	0,567	0,591	0,569	0,489	0,491	0,529	0,557	0,544	0,553	0,513	0,596	0,614	0,546	0,590	0,569	0,491	0,507	0,481	0,548	0,515	0,542	0,529	0,573	0,608	0,538	0,589	0,605	0,503	0,512	0,474	0,544	0,549	0,549	0,534	0,551	0,617	0,545	0,587	0,563	0,508	0,510	0,495	0,541	0,559	0,544	0,546	0,607	0,613	0,552	0,590	0,559	0,516	0,496	0,495	0,534	0,563	0,541	0,549	0,642	0,626	0,565	0,581	0,607
9:00:19	37,0	0,495	0,502	0,505	0,522	0,550	0,527	0,567	0,677	0,673	0,546	0,577	0,575	0,513	0,505	0,536	0,523	0,557	0,555	0,528	0,623	0,647	0,558	0,625	0,633	0,515	0,517	0,523	0,554	0,562	0,560	0,538	0,614	0,629	0,578	0,597	0,576	0,494	0,497	0,532	0,562	0,548	0,556	0,518	0,603	0,626	0,551	0,593	0,577	0,497	0,513	0,484	0,554	0,521	0,545	0,536	0,583	0,622	0,544	0,593	0,611	0,510	0,518	0,479	0,549	0,554	0,551	0,541	0,559	0,629	0,550	0,591	0,569	0,510	0,515	0,500	0,545	0,564	0,547	0,556	0,616	0,622	0,560	0,598	0,566	0,521	0,500	0,501	0,540	0,570	0,545	0,562	0,651	0,637	0,575	0,590	0,616
9:10:19	37,0	0,502	0,506	0,502	0,528	0,558	0,529	0,574	0,690	0,688	0,555	0,588	0,580	0,518	0,511	0,541	0,529	0,563	0,559	0,536	0,628	0,655	0,563	0,632	0,641	0,520	0,520	0,528	0,561	0,568	0,565	0,545	0,621	0,641	0,582	0,603	0,584	0,497	0,500	0,535	0,565	0,552	0,561	0,523	0,613	0,632	0,558	0,598	0,582	0,502	0,521	0,487	0,559	0,528	0,550	0,542	0,588	0,632	0,550	0,596	0,618	0,513	0,522	0,483	0,553	0,560	0,558	0,548	0,562	0,638	0,557	0,595	0,574	0,514	0,521	0,504	0,548	0,569	0,551	0,563	0,626	0,631	0,567	0,601	0,571	0,528	0,507	0,502	0,545	0,572	0,549	0,571	0,661	0,646	0,584	0,596	0,626
9:20:19	37,0	0,506	0,512	0,507	0,533	0,561	0,534	0,581	0,701	0,698	0,570	0,592	0,588	0,523	0,517	0,542	0,534	0,568	0,560	0,543	0,637	0,664	0,568	0,637	0,642	0,525	0,524	0,532	0,565	0,573	0,570	0,549	0,628	0,652	0,586	0,606	0,593	0,500	0,505	0,539	0,569	0,557	0,565	0,528	0,619	0,644	0,563	0,603	0,588	0,507	0,530	0,491	0,561	0,535	0,553	0,546	0,596	0,642	0,556	0,601	0,623	0,519	0,526	0,487	0,556	0,566	0,561	0,554	0,572	0,649	0,565	0,599	0,580	0,519	0,527	0,507	0,552	0,576	0,555	0,570	0,633	0,646	0,574	0,609	0,579	0,530	0,514	0,504	0,550	0,577	0,550	0,579	0,673	0,657	0,592	0,604	0,635
9:30:19	37,0	0,507	0,518	0,515	0,536	0,568	0,536	0,588	0,713	0,714	0,585	0,602	0,597	0,527	0,521	0,544	0,540	0,574	0,564	0,547	0,646	0,675	0,579	0,642	0,651	0,527	0,528	0,535	0,569	0,579	0,575	0,552	0,635	0,666	0,595	0,612	0,597	0,505	0,511	0,542	0,574	0,562	0,569	0,534	0,625	0,656	0,570	0,609	0,593	0,512	0,531	0,497	0,566	0,543	0,557	0,554	0,605	0,654	0,565	0,606	0,630	0,525	0,533	0,491	0,562	0,571	0,566	0,560	0,579	0,662	0,574	0,602	0,587	0,523	0,531	0,512	0,556	0,581	0,560	0,576	0,644	0,656	0,585	0,614	0,585	0,538	0,518	0,508	0,556	0,585	0,555	0,588	0,687	0,668	0,602	0,609	0,646
9:40:19	37,0	0,512	0,522	0,517	0,542	0,575	0,538	0,597	0,721	0,724	0,596	0,612	0,604	0,530	0,525	0,548	0,546	0,579	0,570	0,553	0,653	0,686	0,582	0,648	0,654	0,531	0,530	0,537	0,572	0,584	0,579	0,559	0,640	0,671	0,602	0,618	0,603	0,508	0,515	0,546	0,579	0,567	0,574	0,537	0,634	0,661	0,577	0,613	0,597	0,517	0,536	0,500	0,571	0,549	0,560	0,559	0,613	0,663	0,572	0,611	0,636	0,529	0,534	0,494	0,567	0,575	0,570	0,567	0,584	0,669	0,581	0,607	0,590	0,528	0,534	0,514	0,559	0,588	0,566	0,585	0,651	0,668	0,594	0,618	0,592	0,546	0,524	0,514	0,562	0,592	0,559	0,595	0,697	0,679	0,614	0,616	0,660
9:50:19	37,0	0,517	0,527	0,521	0,552	0,580	0,544	0,604	0,731	0,733	0,608	0,621	0,612	0,534	0,533	0,552	0,552	0,584	0,576	0,558	0,660	0,690	0,596	0,653	0,659	0,537	0,534	0,543	0,576	0,591	0,585	0,562	0,647	0,676	0,608	0,622	0,614	0,512	0,520	0,550	0,584	0,572	0,579	0,543	0,642	0,671	0,584	0,618	0,606	0,522	0,539	0,504	0,575	0,557	0,567	0,563	0,622	0,668	0,582	0,614	0,635	0,533	0,538	0,499	0,572	0,580	0,573	0,575	0,592	0,678	0,591	0,612	0,597	0,530	0,541	0,517	0,566	0,594	0,569	0,589	0,662	0,674	0,605	0,625	0,600	0,548	0,530	0,518	0,570	0,598	0,563	0,604	0,707	0,689	0,621	0,623	0,670
10:00:19	37,0	0,522	0,532	0,526	0,553	0,590	0,545	0,612	0,740	0,744	0,619	0,625	0,628	0,539	0,539	0,556	0,557	0,590	0,580	0,565	0,668	0,697	0,606	0,658	0,671	0,542	0,538	0,547	0,582	0,596	0,588	0,569	0,655	0,688	0,616	0,628	0,622	0,516	0,525	0,553	0,589	0,578	0,584	0,548	0,646	0,679	0,594	0,624	0,613	0,527	0,544	0,507	0,580	0,564	0,569	0,570	0,627	0,674	0,587	0,617	0,645	0,538	0,542	0,503	0,577	0,585	0,581	0,581	0,597	0,685	0,599	0,616	0,606	0,534	0,545	0,521	0,570	0,600	0,573	0,594	0,669	0,683	0,613	0,633	0,610	0,553	0,533	0,521	0,578	0,604	0,568	0,611	0,718	0,700	0,628	0,632	0,683
10:10:19	36,9	0,527	0,537	0,527	0,555	0,602	0,548	0,622	0,746	0,755	0,630	0,635	0,639	0,542	0,543	0,558	0,560	0,595	0,583	0,577	0,676	0,713	0,609	0,663	0,673	0,548	0,540	0,550	0,585	0,602	0,593	0,572	0,663	0,690	0,624	0,633	0,630	0,520	0,530	0,557	0,592	0,583	0,589	0,554	0,655	0,690	0,604	0,630	0,617	0,531	0,546	0,512	0,585	0,571	0,574	0,573	0,634	0,681	0,594	0,624	0,651	0,542	0,545	0,509	0,582	0,591	0,584	0,587	0,600	0,695	0,606	0,621	0,615	0,543	0,552	0,524	0,576	0,606	0,578	0,602	0,678	0,695	0,621	0,639	0,622	0,555	0,542	0,524	0,588	0,609	0,572	0,620	0,728	0,710	0,635	0,641	0,696
10:20:19	37,0	0,531	0,544	0,529	0,559	0,608	0,553	0,631	0,754	0,763	0,635	0,642	0,652	0,548	0,548	0,564	0,566	0,601	0,586	0,587	0,680	0,717	0,615	0,667	0,677	0,551	0,543	0,554	0,590	0,609	0,600	0,577	0,669	0,701	0,636	0,638	0,637	0,524	0,534	0,561	0,595	0,589	0,595	0,560	0,662	0,697	0,613	0,635	0,620	0,536	0,550	0,515	0,588	0,579	0,578	0,579	0,640	0,697	0,601	0,629	0,657	0,545	0,549	0,512	0,585	0,597	0,588	0,594	0,608	0,706	0,612	0,625	0,621	0,546	0,556	0,527	0,582	0,612	0,584	0,607	0,686	0,700	0,628	0,646	0,633	0,559	0,544	0,527	0,597	0,615	0,574	0,627	0,738	0,717	0,642	0,651	0,707
10:30:19	37,0	0,538	0,548	0,531	0,566	0,618	0,558	0,639	0,760	0,773	0,642	0,649	0,667	0,552	0,551	0,568	0,571	0,606	0,589	0,589	0,685	0,721	0,625	0,671	0,689	0,555	0,544	0,555	0,592	0,615	0,603	0,583	0,675	0,706	0,643	0,644	0,644	0,528	0,537	0,564	0,599	0,595	0,604	0,568	0,670	0,707	0,619	0,639	0,628	0,542	0,557	0,518	0,593	0,586	0,582	0,587	0,647	0,706	0,608	0,636	0,669	0,549	0,552	0,515	0,589	0,603	0,592	0,598	0,614	0,712	0,619	0,634	0,629	0,549	0,561	0,531	0,587	0,618	0,589	0,615	0,689	0,713	0,634	0,652	0,645	0,561	0,549	0,532	0,607	0,623	0,580	0,634	0,750	0,728	0,651	0,660	0,719
10:40:19	37,0	0,542	0,552	0,533	0,572	0,624	0,561	0,643	0,769	0,778	0,649	0,657	0,680	0,556	0,559	0,570	0,575	0,611	0,594	0,599	0,693	0,730	0,630	0,677	0,695	0,560	0,547	0,558	0,597	0,621	0,609	0,592	0,683	0,711	0,650	0,651	0,651	0,533	0,541	0,566	0,605	0,601	0,607	0,575	0,676	0,714	0,627	0,644	0,636	0,545	0,563	0,521	0,597	0,592	0,586	0,591	0,655	0,711	0,614	0,641	0,671	0,552	0,555	0,519	0,594	0,607	0,597	0,603	0,617	0,722	0,626	0,641	0,638	0,553	0,563	0,534	0,592	0,625	0,593	0,622	0,701	0,725	0,639	0,658	0,657	0,566	0,555	0,534	0,617	0,627	0,581	0,642	0,757	0,738	0,658	0,670	0,728
10:50:19	37,0	0,548	0,557	0,544	0,577	0,633	0,565	0,652	0,776	0,788	0,656	0,664	0,691	0,559	0,561	0,574	0,581	0,616	0,600	0,607	0,699	0,745	0,636	0,683	0,701	0,566	0,550	0,560	0,601	0,626	0,615	0,603	0,692	0,724	0,656	0,657	0,661	0,535	0,545	0,570	0,609	0,606	0,612	0,584	0,680	0,719	0,633	0,650	0,641	0,549	0,567	0,525	0,601	0,600	0,592	0,598	0,667	0,718	0,621	0,646	0,679	0,555	0,560	0,524	0,599	0,614	0,602	0,613	0,620	0,737	0,632	0,644	0,647	0,553	0,568	0,537	0,596	0,633	0,599	0,633	0,711	0,736	0,645	0,664	0,669	0,565	0,558	0,538	0,628	0,634	0,585	0,654	0,766	0,746	0,666	0,676	0,738
11:00:19	37,0	0,553	0,563	0,545	0,582	0,642	0,570	0,665	0,783	0,799	0,664	0,673	0,702	0,563	0,563	0,572	0,589	0,623	0,605	0,616	0,702	0,752	0,643	0,688	0,709	0,569	0,550	0,564	0,608	0,633	0,622	0,609	0,696	0,730	0,665	0,664	0,670	0,540	0,551	0,573	0,613	0,612	0,619	0,590	0,688	0,730	0,641	0,654	0,649	0,553	0,572	0,529	0,604	0,608	0,597	0,608	0,679	0,729	0,627	0,650	0,686	0,558	0,564	0,526	0,605	0,621	0,607	0,620	0,625	0,740	0,639	0,652	0,657	0,561	0,573	0,539	0,604	0,640	0,604	0,646	0,714	0,749	0,652	0,674	0,679	0,568	0,561	0,541	0,639	0,643	0,589	0,664	0,774	0,755	0,674	0,686	0,748
11:10:19	37,0	0,561	0,569	0,545	0,588	0,650	0,573	0,674	0,795	0,808	0,671	0,682	0,714	0,565	0,566	0,571	0,594	0,630	0,608	0,625	0,710	0,758	0,649	0,696	0,719	0,572	0,552	0,568	0,614	0,639	0,628	0,614	0,702	0,734	0,666	0,670	0,680	0,546	0,553	0,568	0,618	0,618	0,627	0,597	0,699	0,744	0,645	0,660	0,658	0,556	0,576	0,533	0,608	0,616	0,598	0,619	0,685	0,735	0,634	0,657	0,696	0,563	0,566	0,529	0,610	0,625	0,614	0,630	0,630	0,748	0,646	0,656	0,665	0,566	0,576	0,543	0,607	0,644	0,607	0,654	0,721	0,758	0,659	0,683	0,687	0,570	0,569	0,544	0,650	0,651	0,593	0,676	0,782	0,764	0,680	0,697	0,756
11:20:19	37,0	0,567	0,572	0,551	0,596	0,657	0,578	0,684	0,802	0,817	0,678	0,691	0,723	0,570	0,571	0,576	0,602	0,637	0,614	0,629	0,716	0,765	0,656	0,698	0,725	0,578	0,557	0,569	0,620	0,646	0,637	0,623	0,716	0,744	0,673	0,677	0,689	0,548	0,558	0,569	0,623	0,625	0,635	0,605	0,704	0,749	0,649	0,666	0,667	0,560	0,579	0,533	0,614	0,622	0,603	0,624	0,692	0,741	0,642	0,661	0,705	0,568	0,571	0,531	0,616	0,631	0,618	0,639	0,634	0,753	0,653	0,660	0,674	0,567	0,581	0,546	0,614	0,649	0,614	0,662	0,726	0,760	0,664	0,688	0,696	0,575	0,572	0,547	0,661	0,658	0,600	0,683	0,792	0,768	0,686	0,705	0,765
11:30:19	37,0	0,573	0,575	0,559	0,600	0,667	0,586	0,693	0,810	0,820	0,684	0,701	0,732	0,573	0,574	0,581	0,609	0,644	0,619	0,636	0,724	0,771	0,660	0,704	0,735	0,581	0,559	0,569	0,625	0,652	0,648	0,631	0,725	0,748	0,681	0,684	0,696	0,551	0,561	0,572	0,626	0,631	0,645	0,612	0,711	0,756	0,653	0,671	0,675	0,565	0,586	0,536	0,621	0,628	0,608	0,636	0,696	0,748	0,646	0,665	0,712	0,569	0,574	0,536	0,623	0,638	0,622	0,649	0,639	0,764	0,659	0,666	0,681	0,572	0,584	0,548	0,619	0,657	0,618	0,671	0,736	0,767	0,672	0,697	0,704	0,580	0,574	0,553	0,672	0,666	0,605	0,692	0,798	0,773	0,691	0,712	0,772
11:40:19	37,0	0,574	0,581	0,559	0,609	0,675	0,592	0,701	0,818	0,825	0,690	0,710	0,741	0,576	0,578	0,582	0,616	0,651	0,624	0,645	0,728	0,776	0,667	0,708	0,740	0,583	0,562	0,568	0,630	0,657	0,656	0,639	0,730	0,753	0,688	0,688	0,706	0,555	0,564	0,573	0,631	0,637	0,651	0,617	0,718	0,762	0,658	0,675	0,681	0,570	0,587	0,539	0,628	0,636	0,612	0,639	0,702	0,757	0,651	0,669	0,718	0,573	0,579	0,539	0,632	0,643	0,628	0,654	0,643	0,772	0,665	0,676	0,690	0,578	0,588	0,551	0,625	0,662	0,626	0,677	0,749	0,773	0,681	0,704	0,711	0,582	0,579	0,559	0,682	0,674	0,608	0,703	0,807	0,777	0,698	0,717	0,782
11:50:19	37,0	0,585	0,585	0,562	0,616	0,683	0,597	0,710	0,823	0,833	0,696	0,718	0,749	0,578	0,581	0,580	0,623	0,656	0,631	0,653	0,731	0,780	0,670	0,715	0,749	0,587	0,562	0,571	0,637	0,664	0,665	0,644	0,736	0,757	0,691	0,693	0,714	0,559	0,568	0,576	0,637	0,642	0,660	0,621	0,722	0,765	0,663	0,680	0,692	0,570	0,590	0,540	0,634	0,644	0,614	0,645	0,703	0,763	0,658	0,674	0,725	0,576	0,583	0,543	0,639	0,651	0,632	0,657	0,649	0,776	0,669	0,679	0,697	0,580	0,593	0,553	0,633	0,669	0,630	0,682	0,753	0,778	0,684	0,710	0,719	0,583	0,581	0,560	0,691	0,682	0,611	0,711	0,810	0,782	0,705	0,724	0,790
12:00:19	37,0	0,590	0,589	0,562	0,621	0,692	0,603	0,720	0,827	0,837	0,702	0,726	0,757	0,580	0,585	0,579	0,630	0,662	0,638	0,658	0,737	0,786	0,678	0,720	0,757	0,589	0,564	0,573	0,642	0,669	0,669	0,651	0,743	0,763	0,698	0,699	0,723	0,561	0,572	0,580	0,643	0,648	0,666	0,626	0,726	0,770	0,668	0,686	0,699	0,574	0,593	0,543	0,639	0,648	0,620	0,649	0,707	0,766	0,663	0,681	0,735	0,576	0,585	0,547	0,646	0,656	0,637	0,663	0,652	0,781	0,675	0,683	0,705	0,582	0,598	0,557	0,639	0,676	0,634	0,689	0,758	0,783	0,689	0,714	0,726	0,585	0,584	0,565	0,701	0,689	0,619	0,719	0,816	0,787	0,712	0,731	0,798
12:10:19	37,0	0,592	0,592	0,564	0,629	0,701	0,609	0,727	0,838	0,842	0,710	0,732	0,764	0,581	0,587	0,581	0,636	0,668	0,645	0,663	0,741	0,791	0,686	0,726	0,766	0,592	0,569	0,573	0,648	0,675	0,677	0,656	0,748	0,770	0,700	0,703	0,729	0,563	0,575	0,579	0,647	0,653	0,675	0,632	0,732	0,778	0,673	0,691	0,708	0,579	0,596	0,546	0,645	0,654	0,624	0,655	0,712	0,771	0,668	0,688	0,743	0,580	0,588	0,551	0,651	0,662	0,640	0,668	0,653	0,788	0,679	0,690	0,712	0,588	0,600	0,559	0,645	0,682	0,641	0,694	0,763	0,788	0,694	0,720	0,733	0,591	0,590	0,568	0,710	0,698	0,624	0,725	0,821	0,794	0,719	0,738	0,806
12:20:19	37,0	0,599	0,594	0,571	0,636	0,709	0,618	0,732	0,843	0,848	0,714	0,738	0,769	0,583	0,592	0,580	0,644	0,674	0,651	0,668	0,744	0,798	0,688	0,731	0,771	0,594	0,571	0,574	0,654	0,682	0,685	0,659	0,752	0,775	0,704	0,708	0,736	0,570	0,579	0,580	0,650	0,658	0,683	0,639	0,736	0,781	0,680	0,694	0,715	0,581	0,598	0,550	0,651	0,661	0,627	0,658	0,716	0,774	0,672	0,692	0,750	0,581	0,590	0,554	0,657	0,668	0,643	0,675	0,657	0,793	0,684	0,694	0,718	0,591	0,604	0,561	0,653	0,689	0,646	0,699	0,767	0,791	0,699	0,726	0,740	0,595	0,593	0,574	0,719	0,705	0,631	0,732	0,826	0,801	0,724	0,743	0,812
12:30:19	37,0	0,600	0,595	0,576	0,643	0,717	0,624	0,737	0,851	0,854	0,720	0,744	0,774	0,585	0,596	0,584	0,652	0,680	0,658	0,669	0,748	0,798	0,690	0,737	0,778	0,598	0,573	0,577	0,660	0,689	0,690	0,665	0,754	0,781	0,707	0,714	0,742	0,573	0,582	0,581	0,656	0,663	0,690	0,644	0,738	0,787	0,685	0,699	0,721	0,583	0,602	0,552	0,655	0,667	0,631	0,664	0,721	0,777	0,676	0,698	0,756	0,584	0,592	0,557	0,665	0,674	0,647	0,681	0,662	0,797	0,688	0,702	0,723	0,597	0,606	0,566	0,659	0,695	0,652	0,707	0,774	0,795	0,705	0,732	0,745	0,598	0,595	0,573	0,726	0,712	0,637	0,738	0,832	0,806	0,730	0,749	0,819
12:40:19	37,0	0,604	0,601	0,579	0,650	0,725	0,629	0,744	0,859	0,863	0,725	0,749	0,783	0,587	0,598	0,587	0,659	0,685	0,665	0,677	0,750	0,804	0,695	0,738	0,785	0,601	0,576	0,581	0,669	0,696	0,695	0,669	0,758	0,786	0,712	0,720	0,747	0,577	0,585	0,582	0,662	0,668	0,695	0,648	0,741	0,788	0,689	0,703	0,727	0,586	0,606	0,553	0,661	0,671	0,635	0,672	0,725	0,778	0,682	0,703	0,764	0,587	0,595	0,558	0,669	0,678	0,652	0,686	0,664	0,798	0,694	0,707	0,728	0,600	0,610	0,570	0,665	0,701	0,658	0,713	0,777	0,798	0,710	0,738	0,752	0,605	0,602	0,582	0,735	0,719	0,640	0,743	0,838	0,810	0,738	0,757	0,829
12:50:19	37,0	0,607	0,606	0,582	0,658	0,733	0,635	0,748	0,864	0,865	0,731	0,756	0,789	0,588	0,600	0,590	0,666	0,691	0,670	0,679	0,755	0,808	0,701	0,745	0,790	0,603	0,579	0,587	0,674	0,702	0,704	0,674	0,764	0,791	0,716	0,724	0,754	0,579	0,589	0,581	0,670	0,675	0,701	0,651	0,745	0,791	0,693	0,706	0,732	0,589	0,610	0,556	0,666	0,677	0,641	0,675	0,727	0,780	0,688	0,709	0,769	0,589	0,598	0,562	0,676	0,684	0,658	0,689	0,667	0,804	0,698	0,712	0,735	0,602	0,614	0,571	0,670	0,707	0,663	0,717	0,781	0,803	0,716	0,744	0,758	0,607	0,601	0,585	0,743	0,726	0,645	0,746	0,840	0,817	0,743	0,763	0,834
13:00:19	37,0	0,611	0,609	0,587	0,663	0,740	0,640	0,752	0,869	0,869	0,734	0,762	0,793	0,589	0,603	0,593	0,672	0,696	0,677	0,684	0,757	0,810	0,704	0,750	0,795	0,606	0,581	0,590	0,679	0,707	0,708	0,678	0,764	0,794	0,723	0,728	0,762	0,583	0,591	0,584	0,674	0,682	0,709	0,653	0,746	0,793	0,697	0,711	0,738	0,595	0,615	0,557	0,672	0,682	0,645	0,678	0,729	0,784	0,691	0,714	0,775	0,592	0,602	0,561	0,682	0,688	0,663	0,690	0,671	0,808	0,701	0,719	0,741	0,604	0,616	0,572	0,674	0,713	0,668	0,720	0,784	0,808	0,719	0,751	0,763	0,613	0,604	0,587	0,750	0,733	0,651	0,750	0,845	0,824	0,747	0,768	0,839
13:10:19	37,0	0,617	0,614	0,592	0,670	0,747	0,648	0,755	0,874	0,872	0,739	0,767	0,799	0,592	0,605	0,595	0,675	0,703	0,682	0,687	0,758	0,816	0,709	0,756	0,800	0,608	0,582	0,593	0,683	0,714	0,714	0,679	0,768	0,799	0,727	0,735	0,764	0,586	0,593	0,589	0,679	0,685	0,716	0,657	0,749	0,799	0,701	0,713	0,745	0,597	0,615	0,558	0,677	0,687	0,648	0,683	0,732	0,788	0,694	0,714	0,780	0,595	0,604	0,565	0,687	0,693	0,666	0,692	0,675	0,811	0,704	0,724	0,746	0,608	0,619	0,573	0,679	0,718	0,674	0,724	0,790	0,813	0,724	0,755	0,769	0,616	0,608	0,591	0,756	0,739	0,657	0,754	0,846	0,831	0,752	0,774	0,846
13:20:19	37,0	0,620	0,617	0,593	0,676	0,754	0,657	0,760	0,880	0,879	0,744	0,772	0,807	0,594	0,607	0,600	0,679	0,708	0,689	0,694	0,760	0,823	0,711	0,758	0,807	0,609	0,584	0,594	0,687	0,721	0,721	0,684	0,767	0,799	0,726	0,741	0,772	0,588	0,596	0,590	0,685	0,689	0,723	0,660	0,752	0,803	0,702	0,716	0,751	0,598	0,618	0,561	0,682	0,692	0,652	0,686	0,735	0,790	0,699	0,715	0,787	0,596	0,607	0,567	0,693	0,700	0,673	0,697	0,678	0,814	0,709	0,728	0,751	0,609	0,621	0,577	0,686	0,724	0,679	0,727	0,792	0,814	0,728	0,760	0,775	0,619	0,611	0,597	0,763	0,746	0,662	0,758	0,848	0,838	0,758	0,780	0,852
13:30:19	37,0	0,623	0,615	0,599	0,681	0,761	0,664	0,763	0,886	0,880	0,748	0,777	0,813	0,598	0,613	0,604	0,685	0,713	0,695	0,697	0,763	0,826	0,714	0,763	0,812	0,614	0,588	0,598	0,693	0,728	0,726	0,686	0,773	0,801	0,731	0,745	0,775	0,590	0,599	0,591	0,690	0,695	0,728	0,663	0,755	0,806	0,708	0,721	0,757	0,600	0,622	0,562	0,685	0,697	0,655	0,690	0,738	0,792	0,702	0,719	0,792	0,598	0,611	0,570	0,697	0,703	0,673	0,701	0,680	0,818	0,713	0,732	0,757	0,610	0,625	0,579	0,689	0,730	0,683	0,731	0,796	0,818	0,733	0,765	0,780	0,620	0,617	0,597	0,769	0,751	0,666	0,760	0,855	0,843	0,762	0,785	0,857
13:40:19	37,0	0,627	0,617	0,601	0,685	0,768	0,678	0,766	0,892	0,880	0,751	0,782	0,818	0,597	0,614	0,607	0,691	0,719	0,702	0,698	0,766	0,828	0,722	0,768	0,817	0,616	0,590	0,600	0,698	0,734	0,732	0,690	0,775	0,805	0,734	0,749	0,779	0,593	0,601	0,593	0,696	0,700	0,735	0,665	0,757	0,809	0,712	0,725	0,761	0,604	0,627	0,565	0,691	0,701	0,661	0,694	0,741	0,797	0,706	0,723	0,797	0,601	0,613	0,573	0,702	0,710	0,679	0,703	0,683	0,822	0,717	0,735	0,761	0,614	0,628	0,581	0,695	0,735	0,689	0,735	0,798	0,820	0,734	0,769	0,785	0,623	0,618	0,601	0,774	0,757	0,672	0,762	0,859	0,851	0,767	0,789	0,861
13:50:19	37,0	0,631	0,621	0,598	0,689	0,773	0,688	0,770	0,892	0,882	0,755	0,786	0,822	0,598	0,616	0,610	0,698	0,724	0,707	0,702	0,768	0,830	0,724	0,771	0,821	0,619	0,593	0,603	0,702	0,739	0,738	0,694	0,776	0,806	0,737	0,751	0,783	0,595	0,607	0,598	0,702	0,704	0,743	0,669	0,761	0,810	0,717	0,728	0,766	0,605	0,630	0,569	0,694	0,705	0,663	0,697	0,743	0,800	0,707	0,731	0,800	0,604	0,617	0,576	0,706	0,715	0,684	0,707	0,687	0,823	0,717	0,738	0,766	0,619	0,630	0,583	0,700	0,744	0,693	0,738	0,799	0,822	0,738	0,772	0,790	0,627	0,622	0,599	0,779	0,764	0,679	0,764	0,861	0,854	0,770	0,793	0,865
14:00:19	37,0	0,633	0,623	0,604	0,694	0,779	0,703	0,773	0,894	0,884	0,757	0,790	0,827	0,601	0,618	0,619	0,702	0,729	0,713	0,704	0,771	0,832	0,725	0,776	0,826	0,621	0,594	0,607	0,705	0,743	0,745	0,696	0,780	0,807	0,741	0,755	0,788	0,597	0,608	0,608	0,708	0,708	0,747	0,672	0,764	0,811	0,721	0,730	0,770	0,607	0,634	0,570	0,698	0,709	0,665	0,699	0,744	0,800	0,709	0,733	0,804	0,608	0,620	0,577	0,710	0,720	0,686	0,711	0,689	0,824	0,720	0,741	0,771	0,623	0,634	0,585	0,704	0,747	0,698	0,742	0,801	0,823	0,740	0,777	0,794	0,631	0,624	0,600	0,784	0,770	0,684	0,768	0,862	0,858	0,774	0,797	0,869
14:10:19	37,0	0,641	0,625	0,606	0,701	0,785	0,713	0,778	0,900	0,887	0,763	0,795	0,833	0,602	0,622	0,627	0,705	0,733	0,718	0,708	0,772	0,836	0,728	0,781	0,832	0,624	0,595	0,613	0,708	0,747	0,749	0,697	0,781	0,811	0,748	0,758	0,793	0,601	0,613	0,617	0,711	0,713	0,752	0,673	0,766	0,813	0,725	0,734	0,776	0,610	0,637	0,572	0,701	0,713	0,666	0,701	0,747	0,801	0,716	0,733	0,810	0,614	0,622	0,579	0,712	0,723	0,688	0,712	0,692	0,826	0,724	0,745	0,777	0,627	0,639	0,587	0,709	0,751	0,702	0,745	0,803	0,825	0,748	0,781	0,800	0,632	0,629	0,600	0,789	0,774	0,685	0,770	0,863	0,863	0,779	0,803	0,875
14:20:19	37,0	0,640	0,627	0,610	0,703	0,790	0,720	0,781	0,902	0,889	0,765	0,799	0,838	0,603	0,624	0,634	0,710	0,737	0,722	0,712	0,774	0,837	0,731	0,784	0,836	0,625	0,598	0,620	0,712	0,751	0,755	0,701	0,780	0,812	0,749	0,764	0,797	0,602	0,614	0,625	0,715	0,716	0,757	0,677	0,768	0,814	0,728	0,736	0,778	0,612	0,639	0,574	0,705	0,717	0,670	0,703	0,748	0,803	0,718	0,736	0,814	0,616	0,624	0,582	0,717	0,729	0,691	0,715	0,695	0,829	0,727	0,749	0,781	0,629	0,642	0,590	0,712	0,756	0,704	0,751	0,803	0,828	0,750	0,784	0,803	0,635	0,630	0,607	0,794	0,779	0,690	0,772	0,867	0,865	0,782	0,806	0,879
14:30:19	37,0	0,647	0,631	0,613	0,703	0,794	0,726	0,780	0,908	0,888	0,768	0,802	0,842	0,607	0,627	0,641	0,714	0,742	0,730	0,714	0,775	0,838	0,734	0,789	0,840	0,627	0,600	0,628	0,716	0,757	0,760	0,706	0,784	0,816	0,753	0,768	0,801	0,604	0,615	0,634	0,719	0,719	0,761	0,680	0,770	0,817	0,732	0,740	0,781	0,616	0,641	0,577	0,708	0,721	0,674	0,707	0,750	0,806	0,721	0,739	0,817	0,619	0,629	0,585	0,720	0,733	0,695	0,718	0,697	0,831	0,730	0,750	0,785	0,630	0,647	0,593	0,717	0,762	0,709	0,754	0,806	0,829	0,750	0,788	0,807	0,637	0,636	0,610	0,799	0,783	0,695	0,771	0,870	0,867	0,785	0,810	0,881
14:40:19	37,0	0,651	0,633	0,619	0,710	0,798	0,733	0,783	0,907	0,886	0,770	0,806	0,846	0,608	0,629	0,647	0,719	0,746	0,734	0,716	0,778	0,838	0,741	0,791	0,844	0,632	0,601	0,635	0,719	0,760	0,765	0,709	0,787	0,818	0,754	0,768	0,805	0,607	0,616	0,639	0,722	0,723	0,766	0,681	0,773	0,820	0,735	0,743	0,786	0,620	0,643	0,580	0,711	0,724	0,675	0,709	0,750	0,809	0,723	0,741	0,821	0,622	0,631	0,588	0,724	0,738	0,699	0,719	0,698	0,834	0,732	0,754	0,791	0,635	0,650	0,596	0,722	0,765	0,714	0,756	0,808	0,832	0,755	0,791	0,811	0,641	0,638	0,611	0,802	0,789	0,699	0,777	0,872	0,868	0,790	0,814	0,885
14:50:19	37,1	0,657	0,637	0,618	0,715	0,802	0,740	0,786	0,905	0,887	0,773	0,810	0,850	0,608	0,630	0,651	0,723	0,749	0,740	0,715	0,779	0,839	0,741	0,792	0,848	0,633	0,603	0,640	0,722	0,763	0,769	0,711	0,788	0,820	0,755	0,771	0,809	0,611	0,619	0,646	0,725	0,726	0,769	0,683	0,773	0,820	0,736	0,745	0,788	0,622	0,646	0,582	0,714	0,727	0,679	0,713	0,753	0,809	0,724	0,744	0,825	0,627	0,633	0,591	0,726	0,741	0,703	0,720	0,701	0,836	0,734	0,757	0,796	0,638	0,652	0,599	0,725	0,769	0,717	0,758	0,808	0,832	0,757	0,794	0,815	0,642	0,639	0,615	0,805	0,793	0,704	0,779	0,875	0,868	0,792	0,818	0,889
15:00:19	37,0	0,658	0,636	0,621	0,718	0,806	0,746	0,787	0,907	0,891	0,775	0,813	0,855	0,612	0,631	0,654	0,727	0,753	0,743	0,717	0,781	0,839	0,744	0,797	0,853	0,638	0,606	0,644	0,726	0,768	0,772	0,714	0,788	0,821	0,757	0,773	0,812	0,615	0,622	0,652	0,729	0,730	0,774	0,685	0,774	0,825	0,740	0,748	0,791	0,626	0,647	0,580	0,717	0,731	0,681	0,715	0,756	0,811	0,730	0,748	0,829	0,627	0,633	0,591	0,729	0,744	0,706	0,722	0,706	0,837	0,735	0,761	0,798	0,638	0,655	0,600	0,730	0,772	0,720	0,759	0,810	0,833	0,758	0,796	0,817	0,643	0,643	0,620	0,810	0,797	0,708	0,780	0,874	0,869	0,795	0,821	0,893
15:10:19	37,0	0,662	0,637	0,621	0,718	0,809	0,750	0,788	0,911	0,887	0,777	0,817	0,857	0,614	0,634	0,656	0,728	0,757	0,747	0,716	0,784	0,840	0,745	0,799	0,856	0,639	0,608	0,650	0,729	0,771	0,777	0,716	0,792	0,822	0,755	0,775	0,814	0,617	0,623	0,657	0,732	0,733	0,778	0,686	0,776	0,825	0,741	0,749	0,793	0,629	0,651	0,584	0,719	0,734	0,685	0,716	0,757	0,813	0,730	0,750	0,832	0,631	0,636	0,593	0,732	0,748	0,707	0,723	0,707	0,838	0,738	0,761	0,801	0,641	0,656	0,603	0,734	0,779	0,722	0,761	0,813	0,835	0,761	0,798	0,821	0,644	0,645	0,621	0,814	0,801	0,711	0,778	0,876	0,871	0,798	0,822	0,895
15:20:19	37,0	0,663	0,643	0,627	0,720	0,813	0,755	0,790	0,913	0,887	0,778	0,820	0,862	0,615	0,637	0,660	0,733	0,760	0,751	0,718	0,784	0,840	0,747	0,799	0,859	0,642	0,612	0,656	0,733	0,776	0,780	0,719	0,793	0,823	0,761	0,778	0,817	0,619	0,624	0,662	0,735	0,736	0,782	0,687	0,777	0,827	0,744	0,752	0,796	0,630	0,658	0,585	0,722	0,736	0,688	0,717	0,760	0,814	0,734	0,753	0,835	0,633	0,639	0,594	0,736	0,750	0,711	0,724	0,707	0,839	0,739	0,763	0,805	0,646	0,655	0,603	0,739	0,784	0,728	0,762	0,817	0,834	0,764	0,802	0,824	0,648	0,643	0,624	0,818	0,804	0,713	0,780	0,878	0,870	0,800	0,825	0,898
15:30:19	37,0	0,664	0,646	0,640	0,725	0,817	0,763	0,791	0,909	0,892	0,780	0,825	0,866	0,617	0,640	0,663	0,735	0,762	0,754	0,717	0,786	0,840	0,750	0,799	0,864	0,647	0,614	0,659	0,734	0,779	0,782	0,720	0,794	0,823	0,765	0,780	0,822	0,621	0,626	0,666	0,737	0,738	0,784	0,687	0,778	0,828	0,745	0,752	0,800	0,632	0,658	0,586	0,724	0,738	0,689	0,719	0,762	0,814	0,734	0,756	0,840	0,636	0,640	0,594	0,737	0,754	0,714	0,725	0,711	0,839	0,741	0,766	0,809	0,649	0,658	0,604	0,740	0,785	0,731	0,762	0,818	0,836	0,765	0,806	0,828	0,649	0,649	0,626	0,822	0,808	0,718	0,782	0,879	0,870	0,802	0,830	0,903
15:40:19	37,0	0,665	0,641	0,641	0,727	0,820	0,765	0,792	0,911	0,891	0,782	0,827	0,869	0,619	0,644	0,668	0,739	0,764	0,758	0,718	0,790	0,841	0,751	0,805	0,867	0,649	0,617	0,663	0,737	0,782	0,786	0,722	0,797	0,824	0,766	0,784	0,824	0,623	0,628	0,668	0,739	0,741	0,788	0,689	0,780	0,828	0,747	0,757	0,803	0,636	0,658	0,589	0,727	0,741	0,694	0,719	0,763	0,814	0,737	0,758	0,842	0,640	0,643	0,597	0,740	0,757	0,718	0,725	0,713	0,840	0,742	0,767	0,812	0,651	0,661	0,607	0,743	0,788	0,734	0,762	0,819	0,836	0,767	0,807	0,830	0,651	0,650	0,628	0,825	0,811	0,720	0,783	0,879	0,871	0,804	0,831	0,905
15:50:19	37,0	0,669	0,643	0,657	0,728	0,824	0,772	0,790	0,910	0,887	0,784	0,829	0,871	0,622	0,645	0,672	0,743	0,768	0,761	0,718	0,790	0,840	0,754	0,806	0,869	0,650	0,619	0,666	0,740	0,786	0,788	0,724	0,798	0,825	0,767	0,785	0,828	0,625	0,629	0,672	0,741	0,744	0,791	0,688	0,782	0,829	0,750	0,760	0,805	0,635	0,663	0,589	0,732	0,743	0,696	0,719	0,765	0,815	0,740	0,758	0,846	0,642	0,647	0,599	0,744	0,761	0,717	0,726	0,716	0,842	0,741	0,769	0,814	0,655	0,663	0,608	0,745	0,793	0,738	0,764	0,821	0,837	0,768	0,810	0,832	0,655	0,653	0,629	0,828	0,814	0,720	0,781	0,878	0,871	0,807	0,833	0,907
16:00:19	37,0	0,668	0,647	0,659	0,731	0,826	0,778	0,791	0,911	0,886	0,786	0,832	0,874	0,622	0,646	0,675	0,745	0,771	0,765	0,717	0,792	0,841	0,754	0,809	0,872	0,652	0,620	0,669	0,743	0,788	0,792	0,724	0,800	0,826	0,771	0,787	0,831	0,629	0,632	0,675	0,745	0,748	0,794	0,689	0,784	0,831	0,752	0,761	0,807	0,640	0,663	0,589	0,733	0,746	0,698	0,720	0,767	0,817	0,742	0,760	0,848	0,642	0,648	0,600	0,747	0,765	0,721	0,727	0,716	0,841	0,742	0,771	0,817	0,660	0,665	0,609	0,748	0,798	0,738	0,764	0,822	0,837	0,768	0,813	0,835	0,656	0,657	0,632	0,831	0,816	0,724	0,783	0,878	0,872	0,809	0,835	0,910
16:10:19	37,0	0,673	0,650	0,657	0,735	0,829	0,780	0,794	0,911	0,889	0,787	0,835	0,878	0,627	0,647	0,677	0,746	0,774	0,767	0,717	0,794	0,841	0,755	0,808	0,876	0,655	0,621	0,671	0,745	0,791	0,794	0,724	0,802	0,825	0,773	0,788	0,834	0,629	0,632	0,678	0,746	0,749	0,797	0,689	0,786	0,830	0,754	0,761	0,811	0,643	0,663	0,591	0,736	0,747	0,701	0,720	0,767	0,817	0,741	0,761	0,852	0,647	0,650	0,604	0,750	0,767	0,725	0,727	0,721	0,843	0,746	0,774	0,821	0,662	0,667	0,611	0,750	0,800	0,741	0,766	0,825	0,839	0,772	0,815	0,838	0,658	0,660	0,636	0,835	0,820	0,728	0,784	0,881	0,870	0,810	0,838	0,913
16:20:19	37,0	0,670	0,650	0,662	0,736	0,833	0,785	0,795	0,911	0,888	0,789	0,838	0,881	0,628	0,648	0,680	0,750	0,777	0,771	0,717	0,797	0,839	0,757	0,810	0,879	0,658	0,623	0,675	0,747	0,794	0,796	0,725	0,804	0,826	0,774	0,789	0,837	0,629	0,634	0,682	0,749	0,751	0,799	0,690	0,789	0,831	0,756	0,762	0,814	0,644	0,665	0,592	0,738	0,750	0,700	0,720	0,769	0,817	0,740	0,762	0,855	0,650	0,652	0,604	0,751	0,769	0,726	0,727	0,721	0,843	0,749	0,776	0,823	0,664	0,669	0,614	0,751	0,803	0,741	0,766	0,826	0,838	0,773	0,817	0,840	0,660	0,660	0,634	0,837	0,823	0,731	0,786	0,880	0,870	0,812	0,841	0,915
16:30:19	37,0	0,672	0,651	0,670	0,738	0,835	0,791	0,793	0,910	0,888	0,791	0,839	0,883	0,632	0,651	0,683	0,752	0,780	0,774	0,716	0,800	0,839	0,759	0,812	0,881	0,661	0,625	0,678	0,750	0,798	0,798	0,725	0,805	0,825	0,773	0,790	0,839	0,632	0,637	0,686	0,752	0,753	0,801	0,690	0,791	0,832	0,756	0,764	0,817	0,646	0,668	0,594	0,742	0,751	0,703	0,721	0,769	0,817	0,741	0,765	0,857	0,653	0,654	0,605	0,753	0,772	0,729	0,727	0,722	0,844	0,748	0,778	0,825	0,668	0,670	0,614	0,754	0,806	0,745	0,766	0,829	0,838	0,775	0,820	0,843	0,662	0,662	0,638	0,840	0,826	0,731	0,786	0,880	0,869	0,814	0,842	0,917
16:40:19	37,0	0,677	0,653	0,673	0,739	0,837	0,793	0,792	0,909	0,887	0,792	0,841	0,885	0,633	0,653	0,685	0,754	0,782	0,777	0,716	0,801	0,838	0,761	0,814	0,883	0,663	0,626	0,681	0,750	0,800	0,800	0,725	0,807	0,826	0,773	0,793	0,842	0,636	0,639	0,688	0,752	0,755	0,803	0,690	0,793	0,832	0,758	0,764	0,818	0,650	0,670	0,596	0,744	0,753	0,705	0,722	0,769	0,817	0,743	0,767	0,859	0,656	0,653	0,607	0,754	0,774	0,732	0,726	0,724	0,844	0,751	0,779	0,827	0,672	0,674	0,617	0,757	0,809	0,747	0,767	0,830	0,839	0,775	0,821	0,845	0,665	0,665	0,641	0,842	0,829	0,735	0,784	0,878	0,869	0,816	0,844	0,919
16:50:19	37,0	0,678	0,653	0,675	0,740	0,839	0,793	0,792	0,912	0,887	0,793	0,841	0,886	0,635	0,654	0,687	0,756	0,783	0,779	0,715	0,803	0,837	0,760	0,815	0,885	0,664	0,627	0,683	0,753	0,802	0,802	0,725	0,807	0,825	0,773	0,793	0,844	0,638	0,642	0,691	0,754	0,758	0,804	0,690	0,795	0,831	0,758	0,765	0,821	0,653	0,672	0,596	0,746	0,755	0,707	0,721	0,770	0,815	0,743	0,769	0,862	0,657	0,655	0,608	0,757	0,777	0,734	0,725	0,725	0,843	0,749	0,779	0,829	0,677	0,672	0,618	0,760	0,810	0,750	0,767	0,831	0,837	0,775	0,820	0,848	0,665	0,667	0,641	0,845	0,832	0,737	0,783	0,877	0,868	0,816	0,845	0,920
17:00:19	37,0	0,682	0,657	0,683	0,743	0,842	0,799	0,793	0,911	0,884	0,797	0,845	0,888	0,636	0,658	0,690	0,756	0,784	0,781	0,716	0,803	0,837	0,763	0,815	0,888	0,668	0,629	0,686	0,755	0,804	0,802	0,726	0,808	0,825	0,778	0,793	0,847	0,640	0,642	0,694	0,755	0,759	0,806	0,691	0,797	0,830	0,759	0,765	0,823	0,655	0,673	0,597	0,747	0,756	0,708	0,722	0,770	0,814	0,745	0,770	0,864	0,658	0,657	0,608	0,756	0,779	0,734	0,725	0,726	0,844	0,753	0,781	0,831	0,678	0,672	0,619	0,760	0,812	0,751	0,767	0,832	0,837	0,777	0,821	0,850	0,666	0,668	0,644	0,848	0,833	0,739	0,786	0,876	0,868	0,820	0,847	0,924
17:10:19	37,0	0,682	0,659	0,685	0,744	0,843	0,801	0,793	0,907	0,887	0,799	0,847	0,891	0,637	0,659	0,692	0,760	0,786	0,784	0,717	0,805	0,836	0,765	0,818	0,891	0,671	0,630	0,688	0,756	0,806	0,805	0,727	0,809	0,824	0,777	0,794	0,849	0,643	0,644	0,698	0,757	0,762	0,807	0,691	0,799	0,831	0,760	0,767	0,826	0,654	0,675	0,599	0,750	0,757	0,710	0,723	0,769	0,814	0,749	0,771	0,867	0,662	0,659	0,610	0,758	0,781	0,735	0,724	0,726	0,843	0,753	0,782	0,833	0,679	0,676	0,620	0,764	0,815	0,753	0,766	0,832	0,837	0,778	0,823	0,852	0,670	0,672	0,643	0,851	0,836	0,743	0,787	0,878	0,868	0,821	0,849	0,925
17:20:19	37,0	0,686	0,659	0,690	0,745	0,846	0,803	0,797	0,911	0,886	0,800	0,848	0,891	0,637	0,661	0,694	0,762	0,787	0,786	0,716	0,806	0,835	0,764	0,819	0,892	0,672	0,630	0,689	0,759	0,809	0,805	0,727	0,809	0,824	0,779	0,795	0,851	0,645	0,645	0,700	0,759	0,763	0,808	0,691	0,800	0,831	0,761	0,768	0,828	0,655	0,677	0,598	0,750	0,760	0,710	0,723	0,770	0,815	0,752	0,772	0,869	0,662	0,659	0,611	0,761	0,783	0,735	0,725	0,727	0,843	0,754	0,783	0,834	0,683	0,677	0,621	0,765	0,818	0,754	0,766	0,834	0,836	0,779	0,824	0,854	0,671	0,674	0,644	0,853	0,839	0,743	0,785	0,877	0,867	0,823	0,851	0,927
17:30:19	37,0	0,688	0,664	0,695	0,746	0,847	0,806	0,796	0,908	0,884	0,801	0,849	0,893	0,640	0,662	0,696	0,763	0,790	0,788	0,716	0,806	0,835	0,767	0,820	0,894	0,674	0,632	0,691	0,761	0,812	0,807	0,727	0,809	0,824	0,780	0,797	0,852	0,647	0,646	0,702	0,760	0,765	0,811	0,692	0,802	0,831	0,762	0,770	0,830	0,660	0,680	0,601	0,752	0,761	0,713	0,724	0,771	0,816	0,753	0,772	0,869	0,664	0,661	0,613	0,762	0,786	0,738	0,726	0,728	0,842	0,754	0,783	0,836	0,686	0,676	0,623	0,768	0,819	0,754	0,770	0,836	0,836	0,780	0,825	0,856	0,674	0,677	0,646	0,856	0,841	0,743	0,787	0,875	0,866	0,824	0,851	0,927
17:40:19	37,0	0,690	0,662	0,697	0,749	0,849	0,811	0,795	0,906	0,884	0,803	0,850	0,895	0,641	0,664	0,697	0,764	0,789	0,789	0,716	0,807	0,835	0,766	0,819	0,897	0,679	0,632	0,693	0,760	0,812	0,808	0,727	0,810	0,822	0,781	0,796	0,855	0,649	0,647	0,702	0,761	0,765	0,812	0,691	0,802	0,830	0,760	0,769	0,832	0,662	0,678	0,601	0,753	0,762	0,712	0,724	0,770	0,814	0,750	0,774	0,872	0,664	0,661	0,612	0,762	0,786	0,739	0,726	0,730	0,841	0,754	0,785	0,839	0,691	0,676	0,625	0,768	0,821	0,754	0,770	0,835	0,835	0,781	0,827	0,858	0,676	0,681	0,647	0,858	0,842	0,743	0,786	0,876	0,864	0,825	0,853	0,930
17:50:19	37,0	0,693	0,664	0,702	0,752	0,850	0,812	0,795	0,907	0,883	0,806	0,852	0,897	0,644	0,664	0,700	0,766	0,792	0,790	0,715	0,807	0,833	0,770	0,822	0,898	0,681	0,635	0,694	0,762	0,814	0,810	0,728	0,809	0,823	0,780	0,799	0,856	0,652	0,649	0,704	0,763	0,767	0,813	0,692	0,802	0,832	0,762	0,771	0,834	0,663	0,680	0,602	0,755	0,764	0,714	0,725	0,772	0,815	0,752	0,775	0,873	0,667	0,665	0,614	0,764	0,789	0,741	0,726	0,731	0,842	0,758	0,787	0,839	0,693	0,680	0,627	0,771	0,823	0,753	0,770	0,836	0,836	0,783	0,828	0,858	0,677	0,680	0,649	0,860	0,844	0,743	0,787	0,877	0,864	0,826	0,855	0,931
18:00:19	37,0	0,695	0,668	0,705	0,752	0,853	0,809	0,797	0,906	0,885	0,808	0,852	0,901	0,647	0,663	0,701	0,769	0,792	0,793	0,714	0,807	0,831	0,772	0,823	0,900	0,682	0,635	0,696	0,763	0,816	0,811	0,728	0,808	0,822	0,781	0,801	0,859	0,653	0,651	0,706	0,765	0,769	0,815	0,691	0,803	0,832	0,764	0,771	0,835	0,662	0,682	0,603	0,755	0,766	0,715	0,724	0,772	0,815	0,751	0,777	0,875	0,668	0,665	0,615	0,765	0,789	0,740	0,725	0,732	0,841	0,759	0,788	0,841	0,696	0,682	0,627	0,774	0,824	0,755	0,770	0,837	0,835	0,785	0,828	0,860	0,677	0,685	0,650	0,862	0,847	0,747	0,786	0,875	0,863	0,828	0,856	0,933
18:10:19	37,0	0,695	0,667	0,706	0,752	0,854	0,810	0,795	0,909	0,883	0,809	0,855	0,902	0,647	0,668	0,702	0,771	0,794	0,793	0,714	0,808	0,831	0,773	0,824	0,900	0,683	0,638	0,698	0,765	0,818	0,812	0,727	0,809	0,821	0,781	0,801	0,860	0,655	0,651	0,707	0,765	0,769	0,815	0,692	0,804	0,831	0,767	0,772	0,837	0,663	0,685	0,605	0,756	0,768	0,716	0,725	0,771	0,814	0,751	0,778	0,875	0,671	0,665	0,616	0,766	0,792	0,743	0,726	0,733	0,841	0,757	0,789	0,841	0,697	0,682	0,628	0,776	0,826	0,757	0,771	0,837	0,835	0,786	0,828	0,861	0,680	0,687	0,651	0,865	0,849	0,748	0,788	0,875	0,866	0,830	0,856	0,934
18:20:19	37,0	0,699	0,669	0,702	0,754	0,856	0,814	0,794	0,907	0,883	0,811	0,854	0,905	0,650	0,670	0,703	0,772	0,795	0,794	0,714	0,807	0,830	0,771	0,823	0,903	0,687	0,638	0,698	0,766	0,819	0,813	0,726	0,809	0,820	0,780	0,802	0,862	0,657	0,652	0,708	0,767	0,770	0,816	0,691	0,804	0,829	0,766	0,772	0,839	0,667	0,684	0,605	0,757	0,769	0,717	0,724	0,771	0,813	0,754	0,778	0,877	0,671	0,667	0,617	0,768	0,792	0,744	0,725	0,733	0,841	0,758	0,790	0,844	0,700	0,683	0,628	0,776	0,828	0,758	0,771	0,836	0,834	0,786	0,828	0,863	0,679	0,687	0,653	0,867	0,850	0,751	0,787	0,876	0,864	0,831	0,858	0,935
18:30:19	37,0	0,700	0,671	0,711	0,756	0,857	0,815	0,797	0,906	0,881	0,812	0,855	0,907	0,650	0,670	0,704	0,773	0,796	0,795	0,714	0,807	0,829	0,771	0,825	0,904	0,688	0,639	0,700	0,767	0,820	0,814	0,727	0,808	0,820	0,783	0,804	0,863	0,660	0,654	0,709	0,768	0,772	0,817	0,692	0,804	0,829	0,767	0,776	0,840	0,669	0,687	0,606	0,758	0,770	0,717	0,725	0,771	0,812	0,751	0,779	0,878	0,674	0,671	0,617	0,769	0,793	0,745	0,726	0,734	0,840	0,759	0,791	0,844	0,701	0,687	0,629	0,778	0,830	0,759	0,770	0,835	0,834	0,786	0,828	0,864	0,684	0,688	0,656	0,869	0,852	0,752	0,787	0,874	0,861	0,832	0,859	0,936
18:40:19	37,0	0,701	0,672	0,715	0,757	0,859	0,813	0,795	0,905	0,882	0,814	0,855	0,910	0,655	0,671	0,705	0,774	0,798	0,797	0,713	0,808	0,828	0,774	0,826	0,905	0,690	0,641	0,700	0,768	0,821	0,816	0,726	0,807	0,819	0,784	0,806	0,864	0,661	0,655	0,710	0,769	0,774	0,817	0,693	0,805	0,829	0,769	0,776	0,842	0,669	0,688	0,606	0,760	0,772	0,719	0,726	0,771	0,811	0,751	0,780	0,879	0,674	0,670	0,619	0,771	0,794	0,746	0,726	0,735	0,840	0,758	0,792	0,845	0,703	0,690	0,632	0,779	0,832	0,760	0,771	0,835	0,832	0,788	0,830	0,865	0,687	0,693	0,654	0,872	0,854	0,755	0,787	0,874	0,862	0,834	0,860	0,936
18:50:19	37,0	0,702	0,674	0,717	0,757	0,861	0,815	0,799	0,907	0,881	0,815	0,857	0,912	0,653	0,673	0,705	0,775	0,798	0,797	0,714	0,808	0,827	0,775	0,826	0,906	0,691	0,642	0,701	0,769	0,823	0,817	0,726	0,807	0,818	0,786	0,803	0,866	0,661	0,657	0,711	0,769	0,775	0,819	0,693	0,805	0,828	0,768	0,775	0,843	0,670	0,687	0,608	0,762	0,772	0,721	0,725	0,771	0,810	0,750	0,781	0,880	0,677	0,672	0,620	0,772	0,795	0,747	0,725	0,734	0,840	0,757	0,791	0,846	0,704	0,687	0,633	0,783	0,832	0,760	0,769	0,833	0,831	0,789	0,831	0,866	0,686	0,692	0,658	0,874	0,855	0,756	0,788	0,875	0,861	0,835	0,860	0,939
19:00:19	37,0	0,706	0,675	0,710	0,760	0,864	0,817	0,794	0,908	0,881	0,816	0,857	0,914	0,657	0,674	0,707	0,776	0,799	0,798	0,713	0,807	0,828	0,777	0,827	0,908	0,695	0,644	0,701	0,769	0,824	0,817	0,727	0,807	0,817	0,785	0,803	0,867	0,663	0,657	0,712	0,771	0,776	0,818	0,693	0,804	0,827	0,769	0,773	0,845	0,670	0,687	0,608	0,761	0,773	0,720	0,725	0,770	0,808	0,751	0,781	0,882	0,680	0,672	0,621	0,773	0,796	0,748	0,725	0,736	0,840	0,760	0,791	0,847	0,704	0,686	0,633	0,783	0,834	0,760	0,771	0,833	0,831	0,790	0,832	0,868	0,685	0,692	0,659	0,876	0,857	0,760	0,788	0,875	0,862	0,837	0,861	0,940
19:10:19	37,0	0,708	0,680	0,718	0,762	0,865	0,818	0,796	0,909	0,881	0,819	0,858	0,914	0,656	0,673	0,708	0,778	0,800	0,799	0,712	0,806	0,826	0,777	0,828	0,910	0,696	0,646	0,701	0,772	0,825	0,818	0,726	0,807	0,816	0,786	0,803	0,870	0,664	0,658	0,713	0,770	0,776	0,819	0,692	0,805	0,828	0,768	0,775	0,848	0,674	0,691	0,608	0,763	0,773	0,721	0,725	0,770	0,809	0,752	0,781	0,884	0,680	0,674	0,620	0,773	0,797	0,748	0,724	0,737	0,838	0,762	0,790	0,849	0,707	0,688	0,633	0,784	0,835	0,760	0,771	0,833	0,830	0,791	0,831	0,869	0,691	0,696	0,658	0,879	0,859	0,762	0,790	0,872	0,860	0,837	0,863	0,941
19:20:19	37,0	0,709	0,680	0,724	0,762	0,867	0,817	0,793	0,904	0,880	0,819	0,858	0,916	0,659	0,675	0,707	0,779	0,801	0,800	0,712	0,807	0,825	0,780	0,829	0,911	0,696	0,646	0,702	0,773	0,826	0,819	0,726	0,807	0,816	0,788	0,803	0,870	0,666	0,659	0,712	0,772	0,778	0,819	0,693	0,805	0,827	0,769	0,774	0,849	0,674	0,693	0,609	0,764	0,774	0,722	0,724	0,770	0,808	0,752	0,781	0,884	0,680	0,673	0,621	0,775	0,798	0,751	0,725	0,737	0,839	0,761	0,791	0,849	0,709	0,690	0,634	0,786	0,837	0,761	0,771	0,834	0,830	0,791	0,832	0,870	0,695	0,698	0,662	0,881	0,860	0,761	0,790	0,870	0,859	0,838	0,864	0,942
19:30:19	37,0	0,711	0,681	0,722	0,763	0,869	0,820	0,794	0,901	0,880	0,822	0,858	0,918	0,660	0,678	0,709	0,781	0,801	0,802	0,711	0,806	0,824	0,777	0,830	0,912	0,699	0,647	0,703	0,773	0,827	0,820	0,726	0,806	0,815	0,787	0,804	0,870	0,667	0,659	0,714	0,774	0,778	0,821	0,693	0,805	0,826	0,768	0,775	0,849	0,675	0,692	0,610	0,765	0,775	0,723	0,725	0,769	0,808	0,752	0,782	0,885	0,682	0,674	0,622	0,777	0,799	0,750	0,724	0,737	0,838	0,762	0,791	0,850	0,710	0,691	0,635	0,788	0,838	0,762	0,770	0,832	0,829	0,791	0,832	0,871	0,697	0,697	0,666	0,884	0,861	0,763	0,789	0,871	0,860	0,839	0,864	0,942
19:40:19	37,0	0,714	0,678	0,727	0,766	0,871	0,819	0,794	0,902	0,878	0,821	0,857	0,917	0,663	0,678	0,710	0,783	0,803	0,804	0,711	0,807	0,823	0,779	0,830	0,912	0,700	0,648	0,704	0,774	0,828	0,821	0,725	0,806	0,814	0,786	0,806	0,870	0,668	0,661	0,715	0,775	0,780	0,820	0,694	0,804	0,825	0,768	0,776	0,848	0,676	0,691	0,610	0,766	0,777	0,724	0,724	0,769	0,806	0,752	0,781	0,884	0,680	0,676	0,623	0,780	0,800	0,751	0,724	0,737	0,838	0,762	0,792	0,850	0,710	0,692	0,637	0,790	0,839	0,764	0,771	0,831	0,830	0,793	0,833	0,870	0,696	0,698	0,663	0,885	0,863	0,766	0,789	0,873	0,859	0,840	0,865	0,943
19:50:19	37,0	0,716	0,681	0,726	0,767	0,873	0,820	0,794	0,904	0,880	0,824	0,858	0,920	0,664	0,678	0,710	0,785	0,804	0,805	0,710	0,806	0,822	0,781	0,830	0,914	0,703	0,651	0,704	0,774	0,829	0,821	0,725	0,805	0,815	0,789	0,806	0,872	0,669	0,661	0,715	0,777	0,780	0,821	0,693	0,804	0,826	0,769	0,776	0,851	0,676	0,692	0,610	0,768	0,777	0,726	0,723	0,769	0,805	0,754	0,782	0,887	0,683	0,674	0,623	0,780	0,801	0,751	0,722	0,738	0,837	0,762	0,792	0,852	0,711	0,694	0,637	0,792	0,841	0,766	0,771	0,830	0,829	0,793	0,834	0,872	0,699	0,701	0,669	0,887	0,865	0,768	0,790	0,871	0,859	0,841	0,865	0,943
20:00:19	37,0	0,717	0,681	0,727	0,767	0,874	0,821	0,793	0,904	0,879	0,824	0,858	0,921	0,666	0,680	0,710	0,786	0,803	0,805	0,710	0,804	0,822	0,782	0,830	0,914	0,701	0,650	0,704	0,776	0,830	0,822	0,725	0,804	0,814	0,787	0,804	0,872	0,668	0,661	0,716	0,778	0,782	0,822	0,693	0,802	0,827	0,772	0,777	0,851	0,676	0,692	0,610	0,768	0,778	0,725	0,723	0,770	0,806	0,755	0,782	0,886	0,681	0,676	0,623	0,782	0,801	0,752	0,723	0,738	0,835	0,761	0,792	0,852	0,710	0,693	0,637	0,793	0,841	0,766	0,770	0,830	0,829	0,792	0,833	0,873	0,703	0,702	0,665	0,890	0,866	0,770	0,790	0,869	0,859	0,842	0,867	0,943
20:10:19	37,0	0,720	0,685	0,737	0,768	0,876	0,821	0,794	0,900	0,879	0,826	0,859	0,921	0,667	0,682	0,711	0,785	0,804	0,805	0,709	0,805	0,821	0,782	0,831	0,915	0,705	0,650	0,705	0,776	0,831	0,823	0,726	0,804	0,814	0,787	0,806	0,872	0,671	0,663	0,716	0,779	0,784	0,822	0,693	0,803	0,826	0,771	0,778	0,851	0,680	0,694	0,611	0,771	0,780	0,726	0,724	0,769	0,806	0,754	0,782	0,886	0,686	0,676	0,623	0,783	0,802	0,753	0,722	0,738	0,837	0,763	0,792	0,852	0,712	0,694	0,638	0,794	0,843	0,765	0,770	0,829	0,828	0,791	0,834	0,872	0,704	0,700	0,668	0,892	0,867	0,770	0,789	0,870	0,857	0,843	0,867	0,943
20:20:19	37,0	0,721	0,688	0,728	0,769	0,877	0,822	0,793	0,897	0,876	0,826	0,859	0,921	0,668	0,682	0,711	0,786	0,804	0,806	0,708	0,805	0,820	0,783	0,830	0,916	0,702	0,651	0,706	0,777	0,830	0,823	0,724	0,803	0,812	0,787	0,805	0,873	0,672	0,664	0,717	0,778	0,784	0,823	0,692	0,802	0,824	0,769	0,777	0,852	0,679	0,695	0,609	0,771	0,780	0,727	0,724	0,769	0,805	0,754	0,782	0,886	0,686	0,676	0,623	0,783	0,803	0,753	0,722	0,738	0,837	0,762	0,792	0,852	0,712	0,696	0,639	0,795	0,843	0,765	0,771	0,827	0,828	0,790	0,834	0,874	0,705	0,704	0,672	0,894	0,869	0,774	0,789	0,870	0,857	0,843	0,868	0,944
20:30:19	37,0	0,722	0,686	0,735	0,771	0,879	0,822	0,795	0,901	0,878	0,828	0,860	0,922	0,667	0,683	0,712	0,788	0,805	0,807	0,710	0,803	0,819	0,782	0,832	0,918	0,705	0,651	0,705	0,777	0,832	0,824	0,724	0,803	0,812	0,787	0,805	0,875	0,673	0,664	0,717	0,779	0,786	0,824	0,693	0,802	0,825	0,769	0,778	0,853	0,682	0,695	0,609	0,772	0,781	0,727	0,724	0,769	0,804	0,754	0,783	0,889	0,687	0,675	0,622	0,784	0,804	0,753	0,722	0,738	0,836	0,763	0,794	0,854	0,713	0,696	0,640	0,797	0,844	0,766	0,770	0,827	0,827	0,790	0,835	0,876	0,707	0,704	0,673	0,897	0,871	0,776	0,788	0,867	0,857	0,844	0,869	0,944
20:40:19	37,0	0,724	0,690	0,741	0,770	0,881	0,823	0,790	0,898	0,876	0,829	0,861	0,923	0,668	0,684	0,712	0,790	0,806	0,807	0,709	0,803	0,819	0,781	0,832	0,917	0,706	0,651	0,705	0,778	0,833	0,825	0,724	0,803	0,812	0,785	0,806	0,875	0,672	0,664	0,718	0,780	0,787	0,825	0,694	0,802	0,823	0,768	0,778	0,852	0,682	0,694	0,610	0,774	0,782	0,728	0,724	0,768	0,804	0,751	0,784	0,889	0,689	0,677	0,623	0,786	0,805	0,754	0,722	0,740	0,836	0,761	0,793	0,854	0,716	0,696	0,640	0,798	0,845	0,769	0,771	0,827	0,825	0,791	0,834	0,875	0,706	0,704	0,672	0,899	0,873	0,777	0,789	0,866	0,857	0,844	0,870	0,944
20:50:19	37,0	0,725	0,688	0,735	0,772	0,883	0,825	0,791	0,904	0,875	0,830	0,861	0,924	0,669	0,685	0,712	0,791	0,808	0,808	0,709	0,803	0,817	0,779	0,833	0,917	0,707	0,652	0,707	0,779	0,834	0,826	0,724	0,802	0,811	0,784	0,805	0,874	0,674	0,665	0,718	0,781	0,789	0,825	0,694	0,802	0,822	0,769	0,780	0,853	0,683	0,695	0,611	0,776	0,783	0,727	0,723	0,768	0,805	0,752	0,784	0,888	0,690	0,677	0,623	0,788	0,805	0,755	0,722	0,740	0,835	0,762	0,794	0,854	0,715	0,696	0,640	0,799	0,845	0,769	0,772	0,828	0,826	0,791	0,835	0,874	0,709	0,704	0,671	0,901	0,874	0,778	0,789	0,868	0,856	0,845	0,871	0,943
21:00:19	37,0	0,727	0,686	0,735	0,772	0,884	0,824	0,793	0,896	0,874	0,830	0,861	0,923	0,668	0,684	0,713	0,792	0,807	0,808	0,708	0,804	0,817	0,779	0,833	0,918	0,707	0,651	0,707	0,781	0,833	0,827	0,723	0,803	0,811	0,783	0,807	0,874	0,675	0,665	0,718	0,781	0,789	0,825	0,694	0,801	0,822	0,767	0,780	0,853	0,685	0,695	0,611	0,777	0,784	0,729	0,723	0,768	0,804	0,752	0,782	0,888	0,690	0,677	0,624	0,790	0,806	0,756	0,722	0,740	0,835	0,761	0,793	0,854	0,716	0,695	0,641	0,800	0,846	0,769	0,771	0,829	0,827	0,790	0,835	0,875	0,708	0,705	0,674	0,903	0,876	0,780	0,788	0,867	0,856	0,846	0,872	0,944
21:10:19	37,0	0,729	0,686	0,747	0,775	0,887	0,826	0,794	0,894	0,877	0,831	0,863	0,923	0,671	0,686	0,714	0,793	0,808	0,809	0,707	0,802	0,817	0,780	0,833	0,919	0,706	0,652	0,707	0,780	0,835	0,827	0,724	0,802	0,810	0,783	0,806	0,876	0,675	0,666	0,718	0,782	0,789	0,825	0,694	0,801	0,823	0,768	0,779	0,854	0,687	0,697	0,610	0,777	0,784	0,730	0,723	0,769	0,804	0,752	0,784	0,889	0,690	0,679	0,625	0,790	0,806	0,757	0,721	0,740	0,835	0,762	0,794	0,855	0,717	0,696	0,640	0,802	0,847	0,770	0,770	0,828	0,827	0,791	0,837	0,876	0,711	0,702	0,676	0,906	0,876	0,781	0,788	0,867	0,856	0,846	0,872	0,946
21:20:19	37,0	0,730	0,687	0,743	0,775	0,889	0,826	0,793	0,896	0,877	0,832	0,863	0,923	0,672	0,686	0,714	0,795	0,809	0,810	0,707	0,803	0,817	0,779	0,832	0,919	0,707	0,652	0,707	0,782	0,835	0,827	0,723	0,802	0,809	0,784	0,805	0,877	0,675	0,666	0,718	0,784	0,790	0,826	0,694	0,801	0,822	0,767	0,779	0,855	0,686	0,697	0,610	0,778	0,785	0,730	0,723	0,768	0,803	0,752	0,784	0,890	0,691	0,679	0,625	0,791	0,806	0,758	0,721	0,741	0,835	0,762	0,793	0,856	0,720	0,696	0,640	0,802	0,846	0,769	0,770	0,827	0,826	0,791	0,836	0,876	0,712	0,707	0,673	0,908	0,878	0,782	0,789	0,866	0,855	0,847	0,872	0,945
21:30:19	37,0	0,731	0,693	0,742	0,778	0,890	0,827	0,792	0,894	0,877	0,833	0,863	0,924	0,673	0,688	0,714	0,795	0,810	0,811	0,705	0,802	0,816	0,779	0,832	0,919	0,707	0,651	0,707	0,783	0,837	0,828	0,722	0,801	0,809	0,780	0,807	0,876	0,676	0,667	0,719	0,786	0,792	0,826	0,694	0,800	0,823	0,766	0,780	0,855	0,686	0,697	0,610	0,780	0,786	0,731	0,722	0,768	0,804	0,753	0,786	0,889	0,692	0,680	0,625	0,792	0,807	0,759	0,721	0,741	0,835	0,761	0,793	0,856	0,722	0,696	0,640	0,804	0,847	0,771	0,770	0,825	0,826	0,792	0,837	0,876	0,712	0,706	0,674	0,910	0,880	0,784	0,790	0,866	0,855	0,848	0,873	0,946
21:40:19	37,0	0,733	0,689	0,749	0,778	0,891	0,828	0,791	0,895	0,873	0,833	0,864	0,924	0,675	0,688	0,714	0,796	0,810	0,811	0,706	0,801	0,815	0,778	0,832	0,920	0,712	0,652	0,708	0,784	0,838	0,829	0,724	0,801	0,809	0,780	0,806	0,876	0,677	0,667	0,719	0,786	0,793	0,827	0,693	0,800	0,822	0,766	0,779	0,855	0,688	0,697	0,610	0,781	0,789	0,732	0,721	0,767	0,804	0,753	0,784	0,889	0,695	0,678	0,624	0,792	0,809	0,759	0,720	0,741	0,834	0,760	0,795	0,856	0,722	0,696	0,641	0,806	0,848	0,773	0,770	0,826	0,825	0,792	0,836	0,876	0,713	0,707	0,675	0,912	0,881	0,785	0,789	0,865	0,854	0,848	0,873	0,946
21:50:19	37,0	0,738	0,690	0,744	0,779	0,894	0,828	0,792	0,897	0,876	0,835	0,866	0,925	0,676	0,688	0,714	0,798	0,810	0,812	0,704	0,800	0,814	0,780	0,834	0,922	0,712	0,653	0,708	0,783	0,837	0,830	0,723	0,800	0,808	0,780	0,806	0,878	0,677	0,665	0,719	0,787	0,793	0,827	0,692	0,800	0,822	0,765	0,780	0,857	0,690	0,698	0,610	0,781	0,789	0,732	0,722	0,768	0,803	0,753	0,785	0,893	0,693	0,678	0,623	0,793	0,808	0,760	0,720	0,742	0,835	0,761	0,795	0,859	0,725	0,696	0,639	0,808	0,849	0,773	0,769	0,825	0,825	0,792	0,836	0,878	0,715	0,705	0,675	0,914	0,882	0,787	0,791	0,865	0,856	0,848	0,875	0,947
22:00:19	37,0	0,736	0,692	0,751	0,780	0,895	0,829	0,791	0,895	0,878	0,834	0,865	0,923	0,676	0,688	0,715	0,800	0,810	0,813	0,704	0,801	0,813	0,778	0,834	0,919	0,710	0,652	0,708	0,784	0,838	0,831	0,722	0,801	0,807	0,780	0,805	0,878	0,678	0,667	0,719	0,789	0,795	0,828	0,693	0,800	0,821	0,766	0,779	0,856	0,693	0,700	0,609	0,783	0,790	0,732	0,721	0,768	0,802	0,751	0,786	0,891	0,693	0,680	0,623	0,794	0,810	0,760	0,720	0,743	0,834	0,760	0,795	0,857	0,721	0,695	0,640	0,810	0,850	0,775	0,769	0,824	0,825	0,790	0,836	0,877	0,715	0,708	0,674	0,916	0,884	0,788	0,790	0,865	0,856	0,848	0,875	0,948
22:10:19	37,0	0,738	0,690	0,747	0,782	0,897	0,831	0,791	0,892	0,881	0,835	0,866	0,925	0,677	0,688	0,715	0,801	0,811	0,814	0,702	0,800	0,815	0,779	0,835	0,921	0,710	0,652	0,708	0,785	0,840	0,831	0,722	0,801	0,808	0,778	0,808	0,879	0,679	0,668	0,718	0,789	0,796	0,829	0,693	0,799	0,821	0,767	0,778	0,857	0,690	0,700	0,610	0,785	0,791	0,733	0,721	0,767	0,802	0,750	0,785	0,891	0,695	0,679	0,623	0,797	0,810	0,762	0,720	0,743	0,833	0,759	0,794	0,858	0,723	0,696	0,639	0,810	0,850	0,776	0,771	0,824	0,824	0,790	0,837	0,877	0,716	0,708	0,676	0,918	0,885	0,790	0,790	0,864	0,855	0,848	0,876	0,946
22:20:19	37,0	0,737	0,690	0,745	0,783	0,898	0,832	0,790	0,893	0,880	0,835	0,867	0,925	0,677	0,689	0,714	0,802	0,811	0,814	0,702	0,800	0,814	0,779	0,835	0,920	0,710	0,653	0,708	0,785	0,839	0,831	0,723	0,800	0,808	0,778	0,806	0,880	0,679	0,668	0,719	0,789	0,795	0,829	0,693	0,799	0,820	0,763	0,779	0,856	0,691	0,701	0,610	0,786	0,791	0,736	0,721	0,767	0,803	0,750	0,785	0,891	0,695	0,679	0,623	0,797	0,811	0,764	0,719	0,743	0,833	0,760	0,794	0,858	0,723	0,695	0,639	0,812	0,850	0,777	0,772	0,823	0,825	0,789	0,837	0,877	0,717	0,705	0,676	0,920	0,886	0,793	0,791	0,864	0,854	0,849	0,876	0,947
22:30:19	37,0	0,739	0,691	0,752	0,784	0,899	0,832	0,791	0,895	0,879	0,835	0,867	0,924	0,677	0,689	0,714	0,804	0,812	0,814	0,703	0,800	0,814	0,778	0,834	0,920	0,711	0,653	0,708	0,787	0,840	0,832	0,722	0,800	0,806	0,778	0,806	0,879	0,679	0,668	0,719	0,790	0,796	0,830	0,694	0,799	0,820	0,763	0,779	0,857	0,691	0,697	0,610	0,788	0,792	0,736	0,721	0,767	0,800	0,749	0,785	0,891	0,696	0,679	0,622	0,798	0,811	0,765	0,720	0,743	0,834	0,760	0,795	0,858	0,725	0,694	0,638	0,813	0,852	0,779	0,772	0,823	0,826	0,789	0,836	0,877	0,717	0,702	0,677	0,922	0,889	0,794	0,792	0,863	0,853	0,848	0,876	0,947
22:40:19	37,0	0,739	0,693	0,749	0,786	0,901	0,833	0,791	0,893	0,878	0,834	0,868	0,923	0,677	0,689	0,714	0,805	0,813	0,814	0,703	0,801	0,813	0,777	0,834	0,920	0,713	0,654	0,708	0,788	0,840	0,833	0,721	0,801	0,807	0,777	0,805	0,880	0,681	0,667	0,719	0,792	0,797	0,830	0,694	0,799	0,820	0,762	0,777	0,858	0,689	0,699	0,609	0,787	0,793	0,736	0,720	0,767	0,801	0,748	0,784	0,892	0,697	0,680	0,622	0,798	0,811	0,764	0,720	0,744	0,834	0,760	0,795	0,859	0,726	0,694	0,638	0,815	0,852	0,780	0,771	0,823	0,825	0,789	0,837	0,878	0,719	0,704	0,678	0,924	0,890	0,796	0,793	0,864	0,855	0,849	0,877	0,947
22:50:19	37,0	0,741	0,693	0,747	0,788	0,903	0,835	0,791	0,890	0,881	0,835	0,870	0,924	0,675	0,688	0,714	0,807	0,812	0,815	0,701	0,799	0,813	0,777	0,835	0,921	0,710	0,655	0,708	0,789	0,841	0,832	0,722	0,800	0,807	0,778	0,805	0,880	0,680	0,669	0,719	0,794	0,797	0,830	0,693	0,799	0,820	0,761	0,777	0,858	0,689	0,700	0,609	0,790	0,793	0,738	0,721	0,768	0,801	0,749	0,786	0,893	0,697	0,681	0,621	0,799	0,812	0,765	0,719	0,745	0,833	0,760	0,793	0,859	0,726	0,694	0,637	0,818	0,853	0,781	0,771	0,823	0,823	0,788	0,838	0,879	0,720	0,703	0,677	0,926	0,891	0,798	0,791	0,864	0,855	0,849	0,877	0,947
23:00:19	37,0	0,740	0,693	0,749	0,789	0,904	0,834	0,787	0,891	0,884	0,835	0,870	0,923	0,678	0,688	0,715	0,808	0,813	0,816	0,702	0,799	0,813	0,775	0,837	0,920	0,712	0,654	0,709	0,792	0,842	0,833	0,722	0,801	0,807	0,777	0,805	0,878	0,680	0,669	0,719	0,795	0,799	0,831	0,693	0,799	0,819	0,761	0,779	0,857	0,691	0,699	0,608	0,791	0,795	0,742	0,721	0,768	0,802	0,747	0,787	0,892	0,698	0,680	0,621	0,801	0,813	0,766	0,720	0,745	0,834	0,759	0,793	0,859	0,726	0,696	0,638	0,820	0,854	0,781	0,772	0,823	0,824	0,787	0,837	0,877	0,720	0,703	0,676	0,929	0,892	0,799	0,789	0,864	0,853	0,849	0,877	0,948
23:10:19	37,0	0,741	0,693	0,752	0,791	0,906	0,837	0,793	0,893	0,882	0,834	0,870	0,924	0,677	0,686	0,714	0,809	0,815	0,816	0,703	0,799	0,813	0,774	0,837	0,920	0,713	0,653	0,708	0,791	0,843	0,835	0,722	0,800	0,807	0,775	0,806	0,878	0,681	0,669	0,719	0,796	0,798	0,831	0,694	0,799	0,820	0,760	0,779	0,857	0,690	0,700	0,607	0,791	0,795	0,741	0,720	0,768	0,801	0,748	0,786	0,892	0,697	0,681	0,620	0,801	0,813	0,768	0,720	0,745	0,835	0,757	0,793	0,860	0,726	0,695	0,637	0,823	0,853	0,783	0,771	0,822	0,823	0,787	0,838	0,877	0,721	0,703	0,675	0,930	0,893	0,800	0,790	0,863	0,853	0,848	0,877	0,948
23:20:19	37,0	0,742	0,691	0,742	0,793	0,908	0,836	0,794	0,895	0,882	0,834	0,871	0,922	0,676	0,686	0,714	0,810	0,815	0,816	0,701	0,798	0,814	0,775	0,838	0,921	0,713	0,653	0,708	0,793	0,844	0,835	0,723	0,800	0,807	0,775	0,806	0,878	0,680	0,669	0,719	0,798	0,800	0,831	0,694	0,799	0,820	0,758	0,779	0,857	0,690	0,700	0,607	0,792	0,797	0,743	0,721	0,768	0,801	0,746	0,784	0,892	0,698	0,678	0,621	0,804	0,815	0,769	0,719	0,745	0,834	0,757	0,794	0,860	0,727	0,693	0,636	0,823	0,855	0,783	0,771	0,823	0,823	0,786	0,837	0,878	0,721	0,703	0,675	0,933	0,895	0,803	0,791	0,865	0,853	0,849	0,879	0,947
23:30:19	37,0	0,743	0,692	0,750	0,795	0,909	0,838	0,791	0,888	0,882	0,833	0,872	0,922	0,676	0,686	0,714	0,810	0,816	0,817	0,702	0,799	0,813	0,774	0,838	0,921	0,714	0,653	0,708	0,795	0,846	0,835	0,722	0,800	0,808	0,776	0,806	0,878	0,680	0,669	0,719	0,800	0,801	0,831	0,695	0,799	0,820	0,757	0,779	0,857	0,689	0,699	0,606	0,794	0,799	0,744	0,722	0,768	0,801	0,746	0,784	0,892	0,697	0,678	0,620	0,805	0,816	0,769	0,720	0,746	0,835	0,756	0,794	0,859	0,728	0,695	0,636	0,824	0,857	0,785	0,771	0,823	0,824	0,785	0,837	0,876	0,722	0,704	0,674	0,936	0,896	0,804	0,789	0,864	0,853	0,849	0,879	0,947
23:40:19	37,0	0,744	0,691	0,749	0,798	0,911	0,838	0,791	0,893	0,879	0,831	0,872	0,921	0,676	0,686	0,714	0,813	0,819	0,817	0,700	0,799	0,814	0,773	0,838	0,920	0,712	0,652	0,708	0,796	0,847	0,836	0,723	0,801	0,807	0,775	0,805	0,878	0,679	0,668	0,718	0,801	0,802	0,832	0,695	0,799	0,821	0,757	0,778	0,856	0,691	0,700	0,606	0,796	0,798	0,745	0,721	0,768	0,801	0,745	0,784	0,891	0,698	0,678	0,620	0,806	0,817	0,771	0,720	0,747	0,833	0,756	0,794	0,858	0,729	0,694	0,635	0,824	0,857	0,784	0,772	0,823	0,824	0,785	0,838	0,876	0,723	0,704	0,674	0,937	0,898	0,806	0,792	0,864	0,853	0,850	0,879	0,950
23:50:19	37,0	0,745	0,696	0,753	0,798	0,913	0,838	0,792	0,892	0,880	0,833	0,873	0,922	0,675	0,686	0,713	0,815	0,818	0,818	0,701	0,799	0,814	0,771	0,838	0,919	0,712	0,652	0,708	0,797	0,847	0,837	0,721	0,801	0,807	0,774	0,805	0,877	0,679	0,669	0,718	0,803	0,802	0,832	0,695	0,800	0,821	0,755	0,776	0,856	0,691	0,700	0,606	0,796	0,799	0,744	0,721	0,769	0,802	0,744	0,784	0,891	0,697	0,677	0,620	0,807	0,817	0,771	0,719	0,746	0,834	0,754	0,793	0,859	0,728	0,693	0,637	0,826	0,857	0,784	0,774	0,822	0,824	0,785	0,838	0,875	0,722	0,705	0,674	0,939	0,898	0,807	0,790	0,863	0,853	0,848	0,878	0,947
24:00:19	37,0	0,744	0,691	0,748	0,801	0,915	0,839	0,793	0,889	0,882	0,832	0,874	0,920	0,676	0,686	0,714	0,815	0,819	0,818	0,700	0,799	0,814	0,775	0,838	0,919	0,709	0,653	0,707	0,796	0,847	0,838	0,723	0,801	0,808	0,773	0,805	0,878	0,680	0,669	0,717	0,805	0,802	0,832	0,696	0,799	0,822	0,755	0,777	0,857	0,688	0,699	0,605	0,800	0,801	0,745	0,722	0,769	0,803	0,743	0,784	0,892	0,698	0,675	0,618	0,808	0,818	0,772	0,720	0,747	0,834	0,755	0,793	0,859	0,728	0,693	0,635	0,827	0,858	0,784	0,775	0,823	0,824	0,784	0,838	0,876	0,723	0,702	0,675	0,941	0,900	0,810	0,789	0,864	0,853	0,849	0,879	0,948