Time	TOpticalDensity600	A1	A2	A3	A4	A5	A6	A7	A8	A9	A10	A11	A12	B1	B2	B3	B4	B5	B6	B7	B8	B9	B10	B11	B12	C1	C2	C3	C4	C5	C6	C7	C8	C9	C10	C11	C12	D1	D2	D3	D4	D5	D6	D7	D8	D9	D10	D11	D12	E1	E2	E3	E4	E5	E6	E7	E8	E9	E10	E11	E12	F1	F2	F3	F4	F5	F6	F7	F8	F9	F10	F11	F12	G1	G2	G3	G4	G5	G6	G7	G8	G9	G10	G11	G12	H1	H2	H3	H4	H5	H6	H7	H8	H9	H10	H11	H12
0:00:19	25,2	0,092	0,090	0,093	0,090	0,093	0,091	0,085	0,085	0,085	0,086	0,085	0,084	0,091	0,092	0,093	0,090	0,093	0,092	0,086	0,085	0,086	0,085	0,084	0,085	0,092	0,093	0,092	0,092	0,095	0,092	0,085	0,086	0,086	0,086	0,084	0,086	0,093	0,092	0,090	0,092	0,093	0,093	0,088	0,085	0,086	0,086	0,085	0,087	0,093	0,093	0,092	0,094	0,092	0,093	0,085	0,086	0,087	0,085	0,084	0,086	0,095	0,093	0,092	0,092	0,091	0,093	0,086	0,085	0,084	0,085	0,085	0,085	0,092	0,093	0,092	0,091	0,674	0,094	0,086	0,085	0,084	0,086	0,085	0,089	0,090	0,092	0,092	0,094	0,092	0,091	0,086	0,084	0,085	0,085	0,085	0,085
0:10:19	36,9	0,092	0,090	0,093	0,090	0,093	0,091	0,085	0,085	0,085	0,086	0,085	0,084	0,091	0,092	0,093	0,090	0,093	0,091	0,086	0,085	0,086	0,084	0,084	0,085	0,092	0,093	0,092	0,091	0,095	0,092	0,085	0,086	0,085	0,086	0,084	0,086	0,093	0,092	0,090	0,092	0,093	0,093	0,088	0,085	0,085	0,086	0,085	0,087	0,093	0,093	0,092	0,094	0,092	0,093	0,085	0,085	0,087	0,085	0,084	0,086	0,095	0,093	0,092	0,091	0,091	0,093	0,086	0,084	0,084	0,084	0,085	0,085	0,092	0,093	0,091	0,090	0,093	0,094	0,086	0,086	0,084	0,086	0,085	0,088	0,090	0,092	0,092	0,093	0,092	0,091	0,086	0,084	0,085	0,085	0,085	0,084
0:20:19	37,0	0,092	0,090	0,093	0,090	0,093	0,091	0,096	0,085	0,085	0,086	0,085	0,084	0,091	0,092	0,093	0,090	0,093	0,091	0,086	0,085	0,086	0,084	0,084	0,085	0,092	0,093	0,093	0,091	0,095	0,092	0,085	0,086	0,085	0,086	0,084	0,086	0,093	0,093	0,090	0,092	0,093	0,092	0,088	0,085	0,085	0,086	0,085	0,087	0,093	0,093	0,092	0,094	0,092	0,093	0,085	0,086	0,087	0,085	0,084	0,086	0,095	0,093	0,092	0,092	0,092	0,094	0,086	0,084	0,084	0,084	0,085	0,085	0,092	0,093	0,091	0,090	0,093	0,094	0,086	0,085	0,084	0,086	0,085	0,088	0,090	0,092	0,092	0,093	0,092	0,091	0,086	0,084	0,085	0,085	0,085	0,084
0:30:19	37,0	0,092	0,090	0,093	0,090	0,093	0,091	0,096	0,085	0,085	0,086	0,085	0,084	0,092	0,093	0,093	0,091	0,094	0,091	0,086	0,085	0,086	0,084	0,084	0,085	0,092	0,094	0,093	0,092	0,095	0,092	0,085	0,086	0,085	0,086	0,084	0,086	0,094	0,093	0,090	0,092	0,093	0,092	0,088	0,085	0,085	0,086	0,085	0,087	0,093	0,093	0,092	0,094	0,093	0,093	0,085	0,086	0,087	0,085	0,084	0,086	0,095	0,094	0,092	0,092	0,092	0,094	0,086	0,084	0,084	0,084	0,085	0,085	0,092	0,094	0,092	0,090	0,094	0,095	0,086	0,085	0,084	0,086	0,085	0,088	0,090	0,093	0,092	0,094	0,092	0,091	0,086	0,084	0,085	0,085	0,085	0,084
0:40:19	37,0	0,093	0,090	0,093	0,091	0,093	0,091	0,095	0,085	0,085	0,086	0,085	0,084	0,092	0,093	0,093	0,091	0,094	0,092	0,086	0,085	0,086	0,084	0,084	0,085	0,092	0,094	0,093	0,092	0,096	0,093	0,084	0,086	0,085	0,086	0,084	0,086	0,094	0,093	0,090	0,093	0,094	0,092	0,087	0,085	0,085	0,086	0,085	0,087	0,094	0,093	0,092	0,095	0,093	0,094	0,085	0,085	0,086	0,085	0,084	0,086	0,096	0,094	0,092	0,092	0,092	0,094	0,086	0,084	0,084	0,084	0,085	0,085	0,093	0,094	0,092	0,091	0,094	0,095	0,086	0,085	0,084	0,086	0,085	0,088	0,091	0,093	0,093	0,094	0,092	0,092	0,086	0,084	0,085	0,085	0,085	0,084
0:50:19	37,0	0,093	0,091	0,094	0,092	0,094	0,092	0,095	0,085	0,085	0,086	0,085	0,084	0,093	0,094	0,094	0,092	0,095	0,093	0,086	0,085	0,086	0,084	0,084	0,085	0,093	0,095	0,094	0,093	0,097	0,094	0,085	0,086	0,086	0,086	0,084	0,086	0,095	0,094	0,091	0,094	0,095	0,093	0,088	0,085	0,085	0,086	0,085	0,087	0,094	0,095	0,093	0,095	0,094	0,095	0,085	0,085	0,087	0,085	0,084	0,086	0,096	0,095	0,093	0,093	0,093	0,095	0,086	0,084	0,084	0,084	0,085	0,085	0,094	0,096	0,093	0,092	0,095	0,096	0,086	0,085	0,084	0,086	0,085	0,088	0,091	0,094	0,094	0,095	0,093	0,093	0,086	0,084	0,085	0,085	0,085	0,084
1:00:19	37,0	0,094	0,093	0,095	0,093	0,095	0,094	0,094	0,085	0,085	0,086	0,085	0,084	0,094	0,096	0,095	0,093	0,096	0,094	0,086	0,085	0,086	0,084	0,084	0,085	0,094	0,096	0,095	0,094	0,098	0,095	0,085	0,086	0,085	0,086	0,084	0,086	0,096	0,096	0,092	0,095	0,096	0,094	0,088	0,085	0,085	0,086	0,084	0,087	0,095	0,096	0,093	0,096	0,095	0,096	0,085	0,085	0,086	0,085	0,084	0,086	0,097	0,096	0,094	0,094	0,095	0,097	0,086	0,084	0,084	0,084	0,085	0,085	0,095	0,097	0,093	0,093	0,096	0,097	0,086	0,085	0,084	0,085	0,085	0,088	0,092	0,096	0,095	0,096	0,095	0,094	0,086	0,084	0,085	0,085	0,085	0,084
1:10:19	37,0	0,096	0,095	0,096	0,095	0,097	0,096	0,094	0,085	0,085	0,086	0,085	0,084	0,095	0,098	0,097	0,095	0,098	0,096	0,086	0,085	0,086	0,084	0,084	0,085	0,096	0,098	0,096	0,096	0,100	0,097	0,085	0,086	0,085	0,086	0,084	0,086	0,098	0,098	0,093	0,096	0,098	0,095	0,088	0,085	0,085	0,086	0,085	0,087	0,097	0,098	0,095	0,098	0,097	0,098	0,085	0,086	0,086	0,085	0,084	0,086	0,099	0,098	0,096	0,096	0,096	0,098	0,086	0,084	0,084	0,084	0,085	0,085	0,096	0,099	0,095	0,095	0,098	0,099	0,086	0,085	0,084	0,085	0,085	0,088	0,094	0,097	0,097	0,098	0,097	0,096	0,086	0,083	0,085	0,085	0,085	0,084
1:20:19	37,0	0,099	0,098	0,099	0,098	0,100	0,099	0,094	0,085	0,085	0,086	0,085	0,084	0,098	0,101	0,099	0,098	0,101	0,099	0,086	0,085	0,086	0,084	0,084	0,085	0,098	0,101	0,098	0,098	0,103	0,100	0,084	0,086	0,085	0,086	0,084	0,086	0,100	0,101	0,096	0,099	0,101	0,098	0,088	0,085	0,085	0,086	0,085	0,087	0,100	0,101	0,098	0,101	0,100	0,100	0,085	0,086	0,086	0,085	0,084	0,086	0,102	0,102	0,098	0,099	0,099	0,101	0,086	0,085	0,084	0,084	0,085	0,085	0,099	0,102	0,098	0,097	0,102	0,102	0,086	0,085	0,084	0,086	0,085	0,088	0,096	0,101	0,099	0,101	0,100	0,099	0,086	0,084	0,085	0,085	0,085	0,084
1:30:19	37,0	0,102	0,103	0,102	0,101	0,104	0,103	0,094	0,085	0,085	0,086	0,085	0,084	0,102	0,105	0,103	0,101	0,104	0,103	0,086	0,085	0,086	0,084	0,084	0,085	0,102	0,106	0,102	0,102	0,107	0,103	0,085	0,086	0,085	0,086	0,084	0,086	0,104	0,105	0,099	0,102	0,105	0,101	0,088	0,085	0,085	0,086	0,085	0,087	0,103	0,105	0,102	0,104	0,104	0,104	0,085	0,086	0,087	0,085	0,084	0,086	0,105	0,106	0,102	0,102	0,103	0,105	0,086	0,084	0,084	0,084	0,085	0,085	0,103	0,106	0,102	0,101	0,105	0,106	0,086	0,086	0,084	0,086	0,085	0,088	0,100	0,106	0,103	0,104	0,104	0,103	0,086	0,084	0,085	0,085	0,085	0,084
1:40:19	37,0	0,107	0,109	0,107	0,107	0,110	0,108	0,094	0,085	0,085	0,086	0,085	0,084	0,107	0,112	0,107	0,106	0,110	0,108	0,086	0,085	0,086	0,084	0,084	0,085	0,106	0,113	0,106	0,107	0,112	0,109	0,085	0,086	0,086	0,086	0,084	0,086	0,109	0,111	0,103	0,107	0,111	0,106	0,088	0,085	0,085	0,086	0,085	0,087	0,108	0,111	0,107	0,109	0,109	0,110	0,085	0,085	0,087	0,085	0,084	0,086	0,110	0,113	0,107	0,108	0,109	0,110	0,086	0,084	0,084	0,084	0,085	0,085	0,108	0,113	0,107	0,106	0,111	0,111	0,086	0,085	0,084	0,086	0,085	0,088	0,104	0,112	0,109	0,110	0,110	0,108	0,086	0,084	0,085	0,085	0,085	0,084
1:50:19	37,0	0,115	0,118	0,114	0,114	0,118	0,117	0,093	0,085	0,085	0,086	0,085	0,084	0,114	0,121	0,114	0,113	0,118	0,116	0,086	0,085	0,086	0,084	0,084	0,085	0,114	0,122	0,114	0,114	0,119	0,117	0,084	0,086	0,085	0,086	0,084	0,086	0,116	0,121	0,110	0,114	0,118	0,113	0,087	0,085	0,085	0,086	0,084	0,087	0,116	0,120	0,114	0,116	0,116	0,118	0,085	0,085	0,086	0,085	0,084	0,086	0,117	0,122	0,115	0,115	0,117	0,117	0,086	0,084	0,084	0,084	0,084	0,085	0,116	0,123	0,114	0,113	0,119	0,119	0,085	0,085	0,084	0,085	0,085	0,088	0,111	0,122	0,116	0,117	0,117	0,115	0,086	0,084	0,085	0,085	0,085	0,084
2:00:19	37,0	0,125	0,131	0,124	0,125	0,130	0,128	0,093	0,085	0,085	0,086	0,085	0,084	0,125	0,135	0,124	0,124	0,129	0,127	0,086	0,085	0,086	0,085	0,084	0,085	0,124	0,136	0,124	0,125	0,131	0,129	0,085	0,086	0,085	0,086	0,084	0,086	0,128	0,134	0,119	0,125	0,129	0,123	0,088	0,085	0,086	0,086	0,085	0,087	0,127	0,134	0,125	0,127	0,128	0,129	0,085	0,086	0,086	0,085	0,084	0,086	0,128	0,136	0,125	0,126	0,128	0,128	0,086	0,084	0,084	0,084	0,085	0,085	0,127	0,136	0,126	0,123	0,131	0,130	0,086	0,085	0,084	0,086	0,085	0,088	0,120	0,137	0,128	0,128	0,129	0,127	0,086	0,084	0,085	0,085	0,085	0,084
2:10:19	37,0	0,139	0,143	0,138	0,139	0,146	0,143	0,093	0,085	0,085	0,086	0,085	0,084	0,137	0,147	0,137	0,137	0,143	0,142	0,086	0,085	0,086	0,084	0,084	0,085	0,136	0,149	0,137	0,139	0,145	0,141	0,085	0,086	0,085	0,086	0,084	0,086	0,141	0,146	0,131	0,138	0,143	0,135	0,088	0,085	0,086	0,086	0,085	0,087	0,140	0,146	0,137	0,139	0,140	0,141	0,085	0,085	0,087	0,085	0,084	0,086	0,142	0,150	0,139	0,138	0,142	0,142	0,086	0,084	0,084	0,084	0,085	0,085	0,140	0,150	0,140	0,136	0,145	0,145	0,086	0,085	0,084	0,086	0,085	0,088	0,132	0,151	0,143	0,141	0,143	0,142	0,086	0,084	0,085	0,085	0,085	0,084
2:20:19	37,0	0,153	0,159	0,150	0,154	0,158	0,155	0,093	0,085	0,085	0,086	0,085	0,084	0,149	0,162	0,148	0,149	0,156	0,155	0,086	0,085	0,086	0,084	0,084	0,085	0,149	0,164	0,148	0,153	0,158	0,156	0,084	0,086	0,085	0,086	0,084	0,086	0,155	0,160	0,141	0,152	0,159	0,147	0,088	0,085	0,085	0,086	0,085	0,087	0,152	0,160	0,148	0,152	0,155	0,155	0,085	0,085	0,086	0,085	0,084	0,086	0,155	0,165	0,150	0,151	0,156	0,156	0,086	0,084	0,084	0,084	0,085	0,085	0,154	0,166	0,152	0,148	0,160	0,160	0,086	0,085	0,084	0,086	0,085	0,088	0,143	0,167	0,157	0,154	0,157	0,156	0,086	0,084	0,085	0,085	0,085	0,084
2:30:19	37,0	0,168	0,176	0,165	0,168	0,174	0,172	0,093	0,085	0,085	0,085	0,085	0,084	0,167	0,180	0,162	0,164	0,172	0,170	0,086	0,085	0,086	0,084	0,084	0,085	0,164	0,181	0,163	0,166	0,175	0,172	0,084	0,086	0,085	0,086	0,084	0,086	0,171	0,178	0,156	0,167	0,174	0,163	0,087	0,085	0,085	0,086	0,084	0,087	0,166	0,176	0,165	0,167	0,171	0,172	0,085	0,085	0,086	0,085	0,084	0,086	0,170	0,181	0,165	0,165	0,173	0,172	0,086	0,084	0,084	0,084	0,084	0,085	0,170	0,182	0,167	0,161	0,175	0,175	0,086	0,085	0,084	0,085	0,085	0,088	0,156	0,185	0,173	0,170	0,172	0,172	0,086	0,084	0,085	0,085	0,085	0,084
2:40:19	37,0	0,188	0,199	0,179	0,187	0,195	0,194	0,093	0,085	0,085	0,086	0,085	0,084	0,186	0,201	0,179	0,180	0,192	0,189	0,086	0,085	0,086	0,084	0,084	0,085	0,181	0,203	0,180	0,184	0,194	0,192	0,084	0,086	0,085	0,086	0,084	0,086	0,187	0,200	0,175	0,185	0,194	0,182	0,088	0,085	0,085	0,086	0,085	0,087	0,181	0,198	0,184	0,185	0,191	0,193	0,085	0,085	0,086	0,085	0,084	0,086	0,189	0,203	0,185	0,185	0,193	0,192	0,086	0,084	0,084	0,084	0,084	0,085	0,188	0,204	0,185	0,178	0,195	0,195	0,086	0,085	0,084	0,086	0,085	0,088	0,172	0,207	0,195	0,188	0,194	0,194	0,086	0,084	0,085	0,085	0,085	0,084
2:50:19	37,0	0,212	0,225	0,202	0,212	0,222	0,221	0,093	0,085	0,085	0,086	0,085	0,084	0,215	0,230	0,201	0,207	0,218	0,216	0,086	0,085	0,086	0,084	0,084	0,085	0,203	0,230	0,201	0,208	0,221	0,217	0,084	0,086	0,085	0,086	0,084	0,086	0,210	0,228	0,199	0,209	0,220	0,205	0,087	0,085	0,086	0,086	0,085	0,087	0,204	0,225	0,208	0,208	0,217	0,220	0,085	0,086	0,087	0,085	0,084	0,086	0,211	0,232	0,210	0,211	0,220	0,219	0,086	0,085	0,084	0,084	0,085	0,085	0,210	0,231	0,211	0,203	0,223	0,221	0,086	0,085	0,084	0,086	0,085	0,088	0,195	0,233	0,220	0,213	0,223	0,221	0,086	0,084	0,085	0,085	0,085	0,084
3:00:19	37,0	0,241	0,254	0,230	0,243	0,255	0,254	0,093	0,085	0,085	0,086	0,085	0,084	0,249	0,259	0,228	0,238	0,251	0,247	0,086	0,085	0,086	0,084	0,084	0,085	0,230	0,257	0,227	0,236	0,251	0,249	0,084	0,086	0,085	0,086	0,084	0,086	0,239	0,256	0,229	0,236	0,251	0,233	0,088	0,085	0,085	0,086	0,085	0,087	0,230	0,253	0,234	0,238	0,249	0,252	0,085	0,085	0,086	0,085	0,084	0,086	0,240	0,261	0,237	0,238	0,252	0,249	0,086	0,084	0,084	0,084	0,085	0,085	0,238	0,258	0,237	0,233	0,255	0,253	0,086	0,085	0,084	0,086	0,085	0,088	0,228	0,263	0,247	0,245	0,256	0,254	0,086	0,084	0,085	0,085	0,085	0,084
3:10:19	37,0	0,272	0,280	0,259	0,273	0,285	0,285	0,093	0,085	0,085	0,086	0,085	0,084	0,279	0,283	0,255	0,267	0,280	0,278	0,086	0,085	0,086	0,084	0,084	0,085	0,257	0,285	0,252	0,264	0,280	0,281	0,084	0,086	0,085	0,086	0,084	0,086	0,271	0,284	0,261	0,265	0,281	0,260	0,088	0,085	0,085	0,086	0,085	0,087	0,256	0,279	0,260	0,267	0,279	0,282	0,085	0,085	0,086	0,085	0,084	0,086	0,274	0,288	0,262	0,270	0,283	0,279	0,086	0,084	0,084	0,084	0,085	0,085	0,266	0,286	0,264	0,261	0,286	0,284	0,086	0,085	0,084	0,086	0,085	0,088	0,255	0,287	0,273	0,274	0,285	0,285	0,086	0,084	0,085	0,085	0,085	0,084
3:20:19	37,0	0,295	0,294	0,284	0,298	0,303	0,303	0,093	0,085	0,085	0,086	0,085	0,084	0,301	0,302	0,277	0,293	0,304	0,297	0,086	0,085	0,086	0,084	0,084	0,085	0,278	0,298	0,279	0,286	0,302	0,300	0,084	0,086	0,085	0,086	0,084	0,086	0,296	0,296	0,291	0,290	0,299	0,279	0,088	0,085	0,085	0,086	0,085	0,087	0,278	0,290	0,276	0,291	0,298	0,302	0,085	0,085	0,087	0,085	0,084	0,086	0,298	0,301	0,281	0,293	0,301	0,301	0,086	0,084	0,084	0,084	0,085	0,085	0,287	0,303	0,280	0,286	0,304	0,308	0,086	0,085	0,084	0,086	0,085	0,088	0,276	0,298	0,286	0,295	0,301	0,305	0,086	0,084	0,085	0,085	0,085	0,084
3:30:19	37,0	0,307	0,302	0,298	0,307	0,313	0,316	0,093	0,085	0,085	0,086	0,085	0,084	0,314	0,312	0,292	0,306	0,319	0,310	0,086	0,085	0,086	0,084	0,084	0,085	0,287	0,309	0,289	0,298	0,314	0,314	0,085	0,086	0,085	0,086	0,084	0,086	0,311	0,306	0,310	0,302	0,316	0,292	0,088	0,085	0,085	0,086	0,085	0,087	0,290	0,302	0,286	0,302	0,311	0,314	0,085	0,085	0,086	0,085	0,084	0,086	0,310	0,314	0,293	0,305	0,313	0,312	0,086	0,084	0,084	0,084	0,085	0,085	0,297	0,313	0,293	0,300	0,317	0,321	0,086	0,085	0,084	0,086	0,085	0,088	0,287	0,310	0,300	0,309	0,314	0,318	0,086	0,084	0,085	0,085	0,085	0,084
3:40:19	37,0	0,320	0,316	0,311	0,315	0,326	0,325	0,093	0,085	0,085	0,086	0,085	0,084	0,324	0,324	0,301	0,317	0,328	0,320	0,086	0,085	0,086	0,084	0,084	0,085	0,293	0,322	0,299	0,307	0,328	0,328	0,084	0,086	0,085	0,086	0,084	0,086	0,323	0,316	0,327	0,312	0,326	0,301	0,087	0,085	0,085	0,086	0,085	0,087	0,302	0,309	0,296	0,314	0,325	0,331	0,085	0,085	0,086	0,085	0,084	0,086	0,326	0,324	0,302	0,317	0,325	0,325	0,086	0,084	0,084	0,084	0,085	0,085	0,306	0,330	0,303	0,313	0,329	0,333	0,086	0,085	0,084	0,086	0,085	0,088	0,301	0,321	0,310	0,320	0,322	0,331	0,086	0,084	0,085	0,085	0,085	0,084
3:50:19	37,0	0,328	0,323	0,322	0,327	0,340	0,336	0,093	0,085	0,085	0,086	0,085	0,084	0,337	0,334	0,316	0,329	0,338	0,333	0,086	0,085	0,086	0,084	0,084	0,085	0,303	0,339	0,309	0,322	0,338	0,341	0,084	0,086	0,085	0,086	0,084	0,086	0,334	0,325	0,343	0,323	0,337	0,314	0,087	0,085	0,085	0,086	0,085	0,087	0,312	0,317	0,304	0,326	0,336	0,346	0,085	0,085	0,087	0,085	0,084	0,086	0,341	0,337	0,315	0,327	0,341	0,338	0,086	0,084	0,084	0,084	0,085	0,085	0,317	0,345	0,316	0,323	0,340	0,344	0,086	0,085	0,084	0,086	0,085	0,088	0,314	0,335	0,319	0,333	0,334	0,343	0,086	0,084	0,085	0,085	0,085	0,084
4:00:19	37,0	0,343	0,332	0,333	0,337	0,351	0,343	0,093	0,085	0,085	0,086	0,085	0,084	0,348	0,344	0,323	0,338	0,352	0,343	0,086	0,085	0,086	0,084	0,084	0,085	0,314	0,353	0,318	0,332	0,350	0,355	0,084	0,086	0,085	0,086	0,084	0,086	0,344	0,334	0,361	0,332	0,349	0,325	0,087	0,085	0,085	0,086	0,085	0,087	0,321	0,323	0,315	0,336	0,346	0,359	0,085	0,085	0,086	0,085	0,084	0,086	0,354	0,356	0,326	0,337	0,351	0,348	0,086	0,084	0,084	0,084	0,085	0,085	0,339	0,358	0,319	0,334	0,353	0,355	0,085	0,085	0,084	0,086	0,085	0,088	0,323	0,343	0,330	0,346	0,345	0,353	0,086	0,084	0,085	0,085	0,085	0,084
4:10:19	37,0	0,354	0,346	0,347	0,344	0,360	0,355	0,093	0,085	0,085	0,086	0,085	0,084	0,359	0,355	0,335	0,347	0,362	0,352	0,086	0,085	0,086	0,084	0,084	0,085	0,322	0,365	0,327	0,340	0,362	0,369	0,084	0,086	0,085	0,086	0,084	0,086	0,354	0,347	0,379	0,341	0,360	0,337	0,088	0,085	0,085	0,086	0,084	0,087	0,330	0,332	0,326	0,345	0,355	0,370	0,085	0,085	0,086	0,085	0,084	0,086	0,371	0,375	0,334	0,348	0,361	0,362	0,086	0,084	0,084	0,084	0,085	0,085	0,362	0,369	0,332	0,345	0,364	0,371	0,086	0,085	0,084	0,086	0,085	0,088	0,337	0,353	0,339	0,356	0,354	0,364	0,086	0,084	0,085	0,085	0,085	0,084
4:20:19	37,0	0,362	0,356	0,359	0,353	0,367	0,363	0,093	0,085	0,085	0,086	0,085	0,084	0,373	0,370	0,345	0,357	0,368	0,361	0,086	0,085	0,086	0,084	0,084	0,085	0,333	0,382	0,335	0,349	0,370	0,377	0,084	0,086	0,085	0,086	0,084	0,086	0,364	0,360	0,396	0,350	0,369	0,346	0,087	0,085	0,085	0,086	0,085	0,087	0,341	0,343	0,335	0,354	0,362	0,379	0,085	0,085	0,086	0,085	0,084	0,086	0,382	0,388	0,346	0,358	0,370	0,370	0,086	0,084	0,084	0,084	0,085	0,085	0,383	0,383	0,339	0,354	0,373	0,382	0,086	0,085	0,084	0,086	0,085	0,088	0,351	0,365	0,348	0,363	0,365	0,372	0,086	0,084	0,085	0,085	0,085	0,084
4:30:19	37,0	0,379	0,365	0,369	0,358	0,375	0,370	0,093	0,085	0,085	0,086	0,085	0,084	0,383	0,386	0,358	0,365	0,372	0,367	0,086	0,085	0,086	0,084	0,084	0,085	0,343	0,395	0,342	0,355	0,375	0,385	0,084	0,086	0,085	0,086	0,084	0,086	0,375	0,373	0,407	0,357	0,378	0,357	0,087	0,085	0,085	0,086	0,084	0,087	0,349	0,356	0,342	0,360	0,369	0,389	0,085	0,085	0,086	0,085	0,084	0,086	0,400	0,401	0,358	0,368	0,381	0,381	0,086	0,084	0,084	0,084	0,085	0,085	0,398	0,395	0,352	0,360	0,382	0,394	0,085	0,085	0,084	0,085	0,085	0,088	0,366	0,378	0,355	0,370	0,371	0,381	0,086	0,084	0,085	0,085	0,085	0,084
4:40:19	37,0	0,387	0,376	0,374	0,366	0,382	0,377	0,093	0,085	0,085	0,085	0,085	0,084	0,393	0,401	0,365	0,369	0,378	0,372	0,086	0,085	0,086	0,084	0,084	0,085	0,351	0,407	0,351	0,361	0,381	0,392	0,084	0,086	0,085	0,086	0,084	0,086	0,386	0,386	0,420	0,358	0,385	0,366	0,087	0,085	0,085	0,086	0,084	0,087	0,362	0,367	0,352	0,368	0,378	0,396	0,085	0,085	0,086	0,085	0,084	0,086	0,415	0,411	0,373	0,376	0,387	0,391	0,086	0,084	0,084	0,084	0,085	0,085	0,416	0,407	0,361	0,367	0,392	0,401	0,085	0,085	0,084	0,085	0,085	0,088	0,377	0,386	0,362	0,378	0,380	0,389	0,086	0,084	0,085	0,085	0,085	0,084
4:50:19	37,0	0,401	0,386	0,387	0,371	0,389	0,381	0,093	0,085	0,085	0,086	0,085	0,084	0,403	0,410	0,368	0,374	0,387	0,379	0,086	0,085	0,086	0,084	0,084	0,085	0,361	0,414	0,358	0,367	0,391	0,403	0,085	0,086	0,085	0,086	0,084	0,086	0,399	0,396	0,434	0,368	0,389	0,375	0,087	0,085	0,085	0,086	0,085	0,087	0,371	0,375	0,358	0,373	0,389	0,402	0,085	0,086	0,087	0,085	0,084	0,086	0,427	0,422	0,384	0,382	0,398	0,400	0,086	0,084	0,084	0,084	0,085	0,085	0,434	0,419	0,365	0,374	0,402	0,410	0,086	0,085	0,084	0,086	0,085	0,088	0,385	0,397	0,368	0,382	0,388	0,395	0,086	0,084	0,085	0,085	0,085	0,084
5:00:19	37,0	0,410	0,392	0,397	0,378	0,396	0,391	0,093	0,085	0,085	0,086	0,085	0,084	0,411	0,421	0,374	0,380	0,391	0,382	0,086	0,085	0,086	0,084	0,084	0,085	0,366	0,424	0,366	0,376	0,398	0,412	0,084	0,086	0,085	0,086	0,084	0,086	0,414	0,406	0,446	0,370	0,396	0,383	0,088	0,085	0,085	0,086	0,085	0,087	0,380	0,389	0,364	0,382	0,395	0,409	0,085	0,085	0,086	0,085	0,084	0,086	0,439	0,450	0,390	0,389	0,404	0,411	0,086	0,084	0,084	0,084	0,085	0,085	0,447	0,431	0,373	0,380	0,410	0,419	0,086	0,085	0,084	0,085	0,085	0,088	0,397	0,409	0,373	0,389	0,394	0,404	0,086	0,084	0,085	0,085	0,085	0,084
5:10:19	37,0	0,419	0,398	0,401	0,383	0,403	0,396	0,093	0,085	0,085	0,086	0,085	0,084	0,418	0,430	0,378	0,387	0,401	0,389	0,086	0,085	0,086	0,084	0,084	0,085	0,371	0,432	0,373	0,385	0,407	0,420	0,085	0,087	0,085	0,086	0,084	0,086	0,425	0,417	0,454	0,376	0,407	0,391	0,088	0,085	0,085	0,086	0,085	0,087	0,387	0,402	0,372	0,387	0,402	0,416	0,085	0,086	0,086	0,085	0,084	0,086	0,449	0,470	0,396	0,397	0,411	0,419	0,086	0,084	0,084	0,084	0,085	0,085	0,458	0,441	0,379	0,385	0,418	0,427	0,086	0,085	0,084	0,086	0,085	0,088	0,402	0,419	0,379	0,394	0,401	0,411	0,086	0,084	0,085	0,085	0,085	0,084
5:20:19	37,0	0,426	0,407	0,406	0,389	0,407	0,401	0,093	0,085	0,085	0,086	0,085	0,084	0,427	0,439	0,384	0,392	0,405	0,394	0,086	0,085	0,086	0,084	0,084	0,085	0,379	0,440	0,379	0,391	0,411	0,430	0,084	0,086	0,085	0,086	0,084	0,086	0,436	0,426	0,459	0,382	0,410	0,398	0,087	0,085	0,085	0,086	0,085	0,087	0,395	0,413	0,377	0,394	0,410	0,421	0,085	0,085	0,086	0,085	0,084	0,086	0,460	0,484	0,402	0,405	0,419	0,428	0,086	0,084	0,084	0,084	0,084	0,085	0,466	0,444	0,383	0,390	0,426	0,437	0,085	0,085	0,084	0,086	0,085	0,088	0,407	0,427	0,383	0,398	0,407	0,419	0,086	0,083	0,085	0,085	0,085	0,084
5:30:19	37,0	0,432	0,415	0,409	0,394	0,414	0,409	0,093	0,085	0,085	0,086	0,085	0,084	0,428	0,451	0,388	0,399	0,411	0,399	0,086	0,085	0,086	0,084	0,084	0,085	0,381	0,448	0,387	0,401	0,419	0,436	0,085	0,087	0,085	0,086	0,084	0,086	0,447	0,435	0,459	0,390	0,418	0,405	0,088	0,085	0,085	0,086	0,085	0,087	0,400	0,426	0,385	0,401	0,418	0,427	0,085	0,085	0,086	0,085	0,084	0,086	0,469	0,492	0,409	0,413	0,425	0,437	0,086	0,084	0,084	0,085	0,085	0,085	0,471	0,455	0,390	0,395	0,434	0,446	0,086	0,085	0,084	0,086	0,085	0,088	0,416	0,433	0,387	0,405	0,413	0,427	0,086	0,084	0,085	0,085	0,085	0,084
5:40:19	37,0	0,437	0,420	0,414	0,399	0,419	0,412	0,092	0,085	0,085	0,086	0,085	0,084	0,434	0,464	0,396	0,410	0,417	0,408	0,086	0,085	0,086	0,084	0,084	0,085	0,389	0,453	0,395	0,409	0,425	0,444	0,084	0,086	0,085	0,086	0,084	0,086	0,455	0,452	0,461	0,397	0,427	0,412	0,088	0,085	0,085	0,086	0,085	0,087	0,407	0,448	0,391	0,406	0,425	0,436	0,085	0,086	0,086	0,085	0,084	0,086	0,476	0,499	0,424	0,421	0,433	0,448	0,086	0,084	0,084	0,084	0,085	0,085	0,475	0,464	0,398	0,400	0,443	0,453	0,085	0,085	0,084	0,086	0,085	0,088	0,420	0,442	0,391	0,410	0,420	0,435	0,086	0,083	0,085	0,085	0,085	0,084
5:50:19	37,0	0,444	0,429	0,416	0,404	0,427	0,418	0,093	0,085	0,085	0,086	0,085	0,084	0,444	0,477	0,400	0,417	0,422	0,413	0,086	0,085	0,086	0,084	0,084	0,085	0,398	0,461	0,403	0,416	0,433	0,454	0,085	0,086	0,085	0,086	0,084	0,086	0,460	0,465	0,461	0,402	0,432	0,418	0,088	0,085	0,085	0,086	0,085	0,087	0,413	0,465	0,396	0,411	0,434	0,442	0,085	0,086	0,087	0,085	0,084	0,086	0,480	0,503	0,430	0,430	0,442	0,459	0,086	0,085	0,084	0,084	0,085	0,085	0,485	0,469	0,401	0,405	0,452	0,464	0,086	0,086	0,084	0,086	0,085	0,088	0,424	0,453	0,395	0,413	0,426	0,446	0,086	0,084	0,085	0,085	0,085	0,084
6:00:19	37,0	0,443	0,442	0,420	0,411	0,433	0,423	0,092	0,085	0,085	0,086	0,085	0,084	0,451	0,491	0,406	0,418	0,429	0,422	0,086	0,085	0,086	0,084	0,084	0,085	0,403	0,472	0,415	0,422	0,441	0,465	0,084	0,086	0,085	0,086	0,084	0,086	0,467	0,482	0,459	0,408	0,440	0,426	0,087	0,085	0,085	0,086	0,084	0,087	0,418	0,480	0,399	0,415	0,441	0,451	0,085	0,085	0,086	0,085	0,084	0,086	0,492	0,503	0,435	0,436	0,449	0,466	0,086	0,084	0,084	0,084	0,085	0,085	0,494	0,474	0,407	0,411	0,459	0,475	0,085	0,085	0,084	0,086	0,085	0,088	0,426	0,465	0,405	0,421	0,431	0,460	0,086	0,084	0,085	0,085	0,085	0,084
6:10:19	37,0	0,445	0,459	0,425	0,418	0,439	0,430	0,093	0,085	0,085	0,086	0,085	0,084	0,459	0,504	0,413	0,424	0,437	0,428	0,086	0,085	0,086	0,084	0,084	0,085	0,410	0,485	0,434	0,428	0,450	0,473	0,085	0,086	0,085	0,086	0,084	0,086	0,472	0,498	0,463	0,416	0,446	0,433	0,088	0,085	0,085	0,086	0,085	0,087	0,423	0,497	0,404	0,424	0,450	0,463	0,085	0,086	0,086	0,085	0,084	0,086	0,499	0,511	0,440	0,444	0,459	0,478	0,086	0,084	0,084	0,084	0,085	0,085	0,505	0,486	0,411	0,418	0,470	0,487	0,086	0,085	0,084	0,085	0,085	0,088	0,433	0,483	0,413	0,427	0,441	0,472	0,086	0,084	0,085	0,085	0,085	0,084
6:20:19	37,0	0,451	0,474	0,432	0,422	0,446	0,441	0,093	0,085	0,085	0,086	0,085	0,084	0,469	0,516	0,423	0,427	0,443	0,435	0,086	0,085	0,086	0,084	0,084	0,085	0,420	0,498	0,455	0,433	0,457	0,484	0,085	0,086	0,085	0,086	0,084	0,086	0,477	0,512	0,462	0,422	0,457	0,440	0,088	0,085	0,085	0,086	0,085	0,087	0,432	0,511	0,413	0,431	0,460	0,474	0,085	0,085	0,086	0,085	0,084	0,086	0,501	0,523	0,450	0,453	0,467	0,487	0,086	0,084	0,084	0,084	0,085	0,085	0,516	0,497	0,421	0,426	0,480	0,500	0,086	0,085	0,084	0,086	0,085	0,088	0,440	0,495	0,424	0,435	0,450	0,488	0,086	0,084	0,085	0,085	0,085	0,084
6:30:19	37,0	0,457	0,490	0,439	0,431	0,450	0,451	0,092	0,085	0,085	0,086	0,085	0,084	0,480	0,523	0,442	0,433	0,451	0,437	0,086	0,085	0,086	0,084	0,084	0,085	0,428	0,512	0,479	0,442	0,466	0,495	0,084	0,086	0,085	0,086	0,084	0,086	0,484	0,521	0,468	0,429	0,467	0,447	0,087	0,085	0,085	0,086	0,085	0,087	0,455	0,520	0,430	0,437	0,469	0,486	0,085	0,085	0,086	0,085	0,084	0,086	0,505	0,534	0,461	0,460	0,477	0,499	0,086	0,084	0,084	0,084	0,085	0,085	0,520	0,508	0,425	0,433	0,489	0,513	0,085	0,085	0,084	0,086	0,085	0,088	0,452	0,504	0,435	0,442	0,462	0,504	0,086	0,083	0,085	0,085	0,085	0,084
6:40:19	37,0	0,471	0,497	0,451	0,437	0,457	0,459	0,092	0,085	0,085	0,086	0,085	0,084	0,492	0,529	0,464	0,439	0,460	0,448	0,086	0,085	0,086	0,084	0,084	0,085	0,454	0,524	0,502	0,448	0,475	0,508	0,084	0,086	0,085	0,086	0,084	0,086	0,495	0,527	0,480	0,437	0,476	0,454	0,087	0,085	0,085	0,086	0,085	0,087	0,474	0,527	0,448	0,444	0,479	0,499	0,085	0,085	0,087	0,085	0,084	0,086	0,511	0,542	0,473	0,470	0,486	0,510	0,086	0,084	0,084	0,084	0,085	0,085	0,524	0,516	0,437	0,440	0,500	0,526	0,086	0,085	0,084	0,086	0,085	0,088	0,474	0,513	0,449	0,451	0,475	0,518	0,086	0,084	0,085	0,085	0,085	0,084
6:50:19	37,0	0,478	0,505	0,463	0,443	0,462	0,472	0,093	0,085	0,085	0,086	0,085	0,084	0,501	0,535	0,486	0,449	0,468	0,455	0,086	0,085	0,086	0,084	0,084	0,085	0,482	0,533	0,517	0,456	0,485	0,520	0,084	0,086	0,085	0,086	0,084	0,086	0,504	0,532	0,496	0,444	0,488	0,463	0,088	0,085	0,085	0,086	0,085	0,087	0,493	0,536	0,461	0,451	0,488	0,513	0,085	0,085	0,086	0,085	0,084	0,086	0,517	0,549	0,490	0,478	0,497	0,523	0,086	0,084	0,084	0,084	0,084	0,085	0,530	0,527	0,452	0,448	0,511	0,539	0,085	0,085	0,084	0,086	0,085	0,088	0,493	0,526	0,463	0,459	0,485	0,533	0,086	0,084	0,085	0,085	0,085	0,084
7:00:19	36,9	0,485	0,513	0,477	0,450	0,468	0,487	0,092	0,085	0,085	0,086	0,085	0,084	0,508	0,540	0,498	0,458	0,477	0,464	0,086	0,085	0,086	0,084	0,084	0,085	0,500	0,540	0,526	0,463	0,495	0,534	0,085	0,086	0,085	0,086	0,084	0,086	0,509	0,535	0,508	0,452	0,499	0,471	0,088	0,085	0,085	0,086	0,085	0,087	0,507	0,542	0,473	0,459	0,499	0,525	0,085	0,086	0,086	0,085	0,084	0,086	0,526	0,556	0,500	0,487	0,507	0,537	0,086	0,084	0,084	0,084	0,085	0,085	0,539	0,535	0,465	0,454	0,524	0,552	0,086	0,085	0,084	0,086	0,085	0,088	0,506	0,532	0,476	0,468	0,495	0,549	0,086	0,084	0,085	0,085	0,085	0,084
7:10:19	37,0	0,492	0,523	0,489	0,458	0,477	0,501	0,092	0,085	0,085	0,086	0,085	0,084	0,517	0,545	0,510	0,467	0,486	0,477	0,086	0,085	0,086	0,084	0,084	0,085	0,513	0,547	0,534	0,470	0,506	0,548	0,084	0,086	0,085	0,086	0,084	0,086	0,514	0,540	0,519	0,458	0,508	0,481	0,088	0,085	0,085	0,086	0,084	0,087	0,519	0,547	0,484	0,466	0,510	0,540	0,085	0,085	0,086	0,085	0,084	0,086	0,532	0,563	0,514	0,496	0,518	0,551	0,086	0,084	0,084	0,084	0,084	0,085	0,543	0,545	0,476	0,463	0,536	0,566	0,085	0,085	0,084	0,086	0,085	0,088	0,514	0,539	0,490	0,478	0,507	0,563	0,086	0,083	0,085	0,085	0,085	0,084
7:20:19	36,9	0,498	0,532	0,504	0,465	0,483	0,514	0,092	0,085	0,085	0,086	0,085	0,084	0,525	0,551	0,519	0,474	0,496	0,487	0,086	0,084	0,086	0,084	0,084	0,085	0,525	0,554	0,543	0,475	0,517	0,563	0,084	0,086	0,085	0,086	0,084	0,086	0,516	0,545	0,527	0,464	0,519	0,490	0,087	0,085	0,085	0,086	0,084	0,087	0,526	0,554	0,495	0,474	0,520	0,554	0,085	0,085	0,087	0,085	0,084	0,086	0,537	0,570	0,526	0,506	0,528	0,565	0,086	0,084	0,084	0,084	0,085	0,085	0,547	0,557	0,488	0,470	0,549	0,581	0,086	0,085	0,084	0,086	0,085	0,088	0,521	0,546	0,501	0,487	0,520	0,579	0,086	0,084	0,085	0,085	0,085	0,084
7:30:19	37,0	0,506	0,541	0,513	0,470	0,492	0,525	0,092	0,085	0,085	0,086	0,085	0,084	0,530	0,556	0,527	0,478	0,507	0,502	0,086	0,085	0,086	0,084	0,084	0,085	0,534	0,559	0,551	0,482	0,528	0,579	0,084	0,086	0,085	0,086	0,084	0,086	0,524	0,552	0,533	0,472	0,531	0,501	0,087	0,085	0,085	0,086	0,085	0,087	0,534	0,560	0,503	0,481	0,530	0,569	0,085	0,085	0,086	0,085	0,084	0,086	0,542	0,573	0,537	0,516	0,543	0,581	0,086	0,084	0,084	0,084	0,085	0,085	0,552	0,567	0,501	0,478	0,563	0,597	0,086	0,085	0,084	0,086	0,085	0,088	0,527	0,553	0,516	0,497	0,531	0,593	0,086	0,084	0,085	0,085	0,085	0,084
7:40:19	37,0	0,517	0,547	0,520	0,480	0,498	0,538	0,092	0,085	0,085	0,085	0,085	0,084	0,535	0,560	0,534	0,485	0,517	0,510	0,086	0,085	0,086	0,084	0,084	0,085	0,547	0,565	0,553	0,488	0,539	0,593	0,084	0,086	0,085	0,086	0,084	0,086	0,530	0,557	0,541	0,478	0,542	0,508	0,087	0,084	0,085	0,086	0,084	0,087	0,543	0,567	0,513	0,489	0,543	0,583	0,085	0,085	0,086	0,084	0,084	0,086	0,550	0,581	0,550	0,527	0,552	0,594	0,086	0,084	0,084	0,084	0,084	0,085	0,556	0,570	0,510	0,487	0,575	0,610	0,085	0,085	0,084	0,085	0,085	0,088	0,536	0,559	0,530	0,505	0,542	0,608	0,086	0,083	0,085	0,085	0,085	0,084
7:50:19	37,0	0,529	0,555	0,531	0,487	0,510	0,553	0,092	0,085	0,085	0,086	0,085	0,084	0,542	0,565	0,541	0,492	0,529	0,522	0,086	0,085	0,086	0,084	0,084	0,085	0,556	0,571	0,558	0,496	0,552	0,608	0,084	0,087	0,086	0,086	0,084	0,086	0,539	0,565	0,546	0,487	0,554	0,517	0,088	0,085	0,085	0,086	0,085	0,087	0,555	0,575	0,522	0,497	0,555	0,598	0,085	0,085	0,086	0,085	0,084	0,086	0,557	0,583	0,557	0,536	0,565	0,611	0,086	0,084	0,084	0,084	0,085	0,085	0,560	0,579	0,518	0,493	0,590	0,626	0,086	0,085	0,084	0,085	0,085	0,088	0,546	0,571	0,539	0,515	0,556	0,625	0,086	0,084	0,085	0,085	0,085	0,084
8:00:19	37,0	0,537	0,562	0,540	0,495	0,517	0,565	0,092	0,085	0,085	0,086	0,085	0,084	0,547	0,569	0,546	0,501	0,539	0,532	0,086	0,085	0,086	0,084	0,084	0,085	0,563	0,580	0,563	0,506	0,564	0,622	0,084	0,086	0,085	0,086	0,084	0,086	0,543	0,572	0,552	0,494	0,566	0,525	0,088	0,085	0,085	0,086	0,084	0,087	0,565	0,582	0,528	0,504	0,566	0,611	0,085	0,085	0,086	0,085	0,084	0,086	0,563	0,583	0,562	0,548	0,577	0,624	0,086	0,084	0,084	0,084	0,085	0,085	0,565	0,584	0,525	0,502	0,603	0,641	0,085	0,085	0,084	0,086	0,085	0,088	0,556	0,577	0,549	0,524	0,567	0,636	0,086	0,084	0,085	0,085	0,085	0,084
8:10:19	37,0	0,544	0,569	0,549	0,505	0,526	0,574	0,092	0,085	0,085	0,086	0,085	0,084	0,554	0,573	0,553	0,508	0,550	0,542	0,086	0,085	0,086	0,084	0,084	0,085	0,574	0,587	0,570	0,512	0,578	0,637	0,084	0,086	0,085	0,086	0,084	0,086	0,550	0,580	0,558	0,503	0,578	0,538	0,088	0,085	0,085	0,086	0,085	0,087	0,573	0,589	0,535	0,512	0,579	0,626	0,085	0,086	0,086	0,085	0,084	0,086	0,574	0,591	0,571	0,557	0,589	0,640	0,086	0,084	0,084	0,084	0,085	0,085	0,572	0,592	0,531	0,510	0,616	0,656	0,085	0,085	0,084	0,085	0,085	0,088	0,561	0,585	0,558	0,533	0,579	0,653	0,086	0,083	0,085	0,085	0,085	0,084
8:20:19	37,0	0,549	0,577	0,561	0,515	0,538	0,586	0,092	0,085	0,085	0,086	0,085	0,084	0,559	0,580	0,560	0,517	0,561	0,552	0,086	0,085	0,086	0,084	0,084	0,085	0,581	0,593	0,576	0,522	0,589	0,651	0,084	0,086	0,085	0,086	0,084	0,086	0,558	0,587	0,565	0,511	0,590	0,546	0,087	0,085	0,085	0,086	0,085	0,087	0,581	0,596	0,543	0,520	0,591	0,640	0,085	0,085	0,086	0,085	0,084	0,086	0,580	0,599	0,581	0,569	0,603	0,656	0,086	0,084	0,084	0,084	0,085	0,085	0,579	0,598	0,539	0,518	0,631	0,671	0,085	0,085	0,084	0,086	0,085	0,088	0,576	0,593	0,568	0,543	0,590	0,671	0,086	0,084	0,085	0,085	0,085	0,084
8:30:19	37,0	0,560	0,582	0,567	0,524	0,549	0,600	0,092	0,085	0,085	0,086	0,085	0,084	0,566	0,585	0,565	0,523	0,572	0,564	0,086	0,085	0,086	0,084	0,084	0,085	0,587	0,598	0,584	0,528	0,604	0,669	0,084	0,086	0,085	0,086	0,084	0,086	0,559	0,592	0,571	0,520	0,606	0,555	0,088	0,085	0,085	0,086	0,085	0,087	0,588	0,599	0,550	0,527	0,605	0,658	0,085	0,085	0,086	0,085	0,084	0,086	0,590	0,604	0,588	0,581	0,617	0,673	0,086	0,084	0,084	0,084	0,085	0,085	0,588	0,602	0,544	0,525	0,646	0,689	0,086	0,085	0,084	0,086	0,085	0,088	0,586	0,602	0,577	0,552	0,605	0,687	0,086	0,084	0,085	0,085	0,085	0,084
8:40:19	37,0	0,570	0,594	0,571	0,534	0,557	0,611	0,093	0,085	0,085	0,085	0,085	0,084	0,573	0,591	0,571	0,532	0,584	0,574	0,086	0,085	0,086	0,084	0,084	0,085	0,592	0,603	0,592	0,536	0,618	0,685	0,084	0,086	0,085	0,086	0,084	0,086	0,568	0,599	0,577	0,526	0,620	0,565	0,087	0,085	0,085	0,086	0,085	0,087	0,594	0,604	0,557	0,536	0,618	0,673	0,085	0,085	0,086	0,085	0,084	0,086	0,597	0,609	0,597	0,592	0,630	0,687	0,086	0,084	0,084	0,084	0,085	0,085	0,592	0,608	0,551	0,534	0,661	0,706	0,086	0,085	0,084	0,085	0,085	0,088	0,594	0,608	0,583	0,560	0,620	0,702	0,086	0,084	0,085	0,085	0,085	0,084
8:50:19	37,0	0,581	0,598	0,575	0,542	0,567	0,621	0,092	0,085	0,085	0,086	0,085	0,084	0,580	0,596	0,577	0,540	0,596	0,585	0,086	0,085	0,086	0,084	0,084	0,085	0,599	0,609	0,598	0,543	0,630	0,701	0,085	0,087	0,085	0,086	0,084	0,086	0,573	0,607	0,583	0,533	0,634	0,575	0,088	0,085	0,085	0,086	0,085	0,087	0,602	0,609	0,564	0,542	0,631	0,689	0,085	0,086	0,086	0,085	0,084	0,086	0,605	0,615	0,603	0,603	0,644	0,704	0,086	0,084	0,084	0,084	0,085	0,085	0,600	0,612	0,559	0,543	0,675	0,722	0,086	0,085	0,084	0,086	0,085	0,088	0,601	0,617	0,590	0,571	0,632	0,716	0,086	0,084	0,085	0,085	0,085	0,084
9:00:19	37,0	0,591	0,608	0,583	0,553	0,578	0,634	0,092	0,085	0,085	0,086	0,085	0,084	0,587	0,601	0,585	0,548	0,607	0,596	0,086	0,085	0,086	0,084	0,084	0,085	0,605	0,613	0,607	0,552	0,644	0,716	0,085	0,087	0,085	0,086	0,084	0,086	0,579	0,613	0,589	0,541	0,646	0,585	0,088	0,085	0,085	0,086	0,085	0,087	0,606	0,613	0,570	0,551	0,644	0,703	0,085	0,086	0,086	0,085	0,084	0,086	0,613	0,623	0,608	0,615	0,657	0,720	0,086	0,084	0,084	0,084	0,085	0,085	0,607	0,619	0,565	0,552	0,690	0,738	0,086	0,085	0,084	0,086	0,085	0,088	0,612	0,623	0,596	0,582	0,645	0,732	0,086	0,084	0,085	0,085	0,085	0,084
9:10:19	37,0	0,599	0,612	0,593	0,560	0,587	0,647	0,092	0,085	0,085	0,086	0,085	0,084	0,593	0,606	0,591	0,556	0,620	0,606	0,086	0,085	0,086	0,084	0,084	0,085	0,615	0,619	0,613	0,560	0,659	0,733	0,085	0,087	0,085	0,086	0,084	0,086	0,587	0,617	0,595	0,549	0,661	0,594	0,088	0,085	0,085	0,086	0,085	0,087	0,613	0,618	0,576	0,560	0,657	0,719	0,085	0,086	0,086	0,085	0,084	0,086	0,616	0,627	0,615	0,629	0,672	0,735	0,086	0,084	0,084	0,084	0,085	0,085	0,613	0,626	0,572	0,561	0,704	0,755	0,086	0,085	0,084	0,086	0,085	0,088	0,616	0,632	0,602	0,591	0,658	0,748	0,086	0,084	0,085	0,085	0,085	0,084
9:20:19	37,0	0,605	0,619	0,602	0,570	0,598	0,661	0,092	0,085	0,085	0,086	0,085	0,084	0,598	0,610	0,598	0,566	0,632	0,616	0,086	0,085	0,086	0,084	0,084	0,085	0,623	0,625	0,621	0,568	0,672	0,745	0,084	0,086	0,085	0,086	0,084	0,086	0,593	0,623	0,601	0,556	0,674	0,604	0,088	0,085	0,085	0,086	0,085	0,087	0,622	0,623	0,582	0,568	0,670	0,732	0,085	0,085	0,086	0,085	0,084	0,086	0,621	0,632	0,621	0,640	0,684	0,750	0,086	0,084	0,084	0,084	0,085	0,085	0,621	0,634	0,578	0,569	0,720	0,768	0,086	0,085	0,084	0,086	0,085	0,088	0,624	0,637	0,609	0,599	0,671	0,762	0,086	0,083	0,085	0,085	0,085	0,084
9:30:19	37,0	0,609	0,624	0,609	0,577	0,606	0,672	0,092	0,085	0,085	0,086	0,085	0,084	0,602	0,616	0,604	0,572	0,644	0,627	0,086	0,085	0,086	0,084	0,084	0,085	0,628	0,631	0,627	0,576	0,686	0,760	0,084	0,086	0,085	0,086	0,084	0,086	0,597	0,627	0,606	0,565	0,689	0,614	0,087	0,085	0,085	0,086	0,085	0,087	0,630	0,629	0,588	0,576	0,683	0,746	0,085	0,085	0,086	0,085	0,084	0,086	0,625	0,639	0,627	0,653	0,699	0,765	0,086	0,084	0,084	0,084	0,085	0,085	0,629	0,641	0,584	0,577	0,733	0,784	0,085	0,085	0,084	0,086	0,085	0,088	0,634	0,646	0,616	0,610	0,685	0,777	0,086	0,083	0,085	0,085	0,085	0,084
9:40:19	37,0	0,617	0,629	0,618	0,588	0,616	0,685	0,092	0,085	0,085	0,086	0,085	0,084	0,607	0,620	0,609	0,579	0,657	0,638	0,086	0,085	0,086	0,084	0,084	0,085	0,631	0,635	0,633	0,584	0,701	0,775	0,084	0,086	0,085	0,086	0,084	0,086	0,602	0,629	0,612	0,572	0,701	0,624	0,087	0,085	0,085	0,086	0,084	0,087	0,634	0,632	0,593	0,583	0,697	0,761	0,085	0,085	0,086	0,085	0,084	0,086	0,632	0,643	0,632	0,665	0,714	0,780	0,086	0,084	0,084	0,084	0,084	0,085	0,630	0,644	0,590	0,586	0,748	0,799	0,085	0,085	0,084	0,085	0,085	0,088	0,638	0,651	0,624	0,620	0,697	0,791	0,086	0,084	0,085	0,085	0,085	0,084
9:50:19	37,0	0,621	0,635	0,624	0,596	0,627	0,695	0,092	0,085	0,085	0,085	0,085	0,084	0,613	0,625	0,615	0,588	0,670	0,649	0,086	0,085	0,086	0,084	0,084	0,085	0,641	0,640	0,639	0,592	0,716	0,790	0,084	0,086	0,085	0,086	0,084	0,086	0,608	0,636	0,617	0,580	0,715	0,633	0,087	0,085	0,085	0,086	0,085	0,087	0,639	0,638	0,599	0,592	0,711	0,776	0,085	0,085	0,086	0,085	0,084	0,086	0,639	0,647	0,637	0,680	0,726	0,794	0,086	0,084	0,084	0,084	0,085	0,085	0,634	0,648	0,596	0,595	0,762	0,814	0,085	0,085	0,084	0,086	0,085	0,088	0,644	0,659	0,630	0,630	0,711	0,806	0,086	0,084	0,085	0,084	0,085	0,084
10:00:19	37,0	0,626	0,644	0,632	0,606	0,638	0,709	0,092	0,085	0,085	0,086	0,085	0,084	0,619	0,631	0,618	0,595	0,683	0,659	0,086	0,085	0,086	0,084	0,084	0,085	0,644	0,645	0,645	0,600	0,728	0,804	0,085	0,087	0,085	0,086	0,084	0,086	0,616	0,643	0,622	0,588	0,729	0,643	0,088	0,085	0,085	0,086	0,085	0,087	0,646	0,643	0,604	0,601	0,724	0,790	0,085	0,085	0,087	0,085	0,084	0,086	0,645	0,654	0,643	0,692	0,741	0,808	0,086	0,084	0,084	0,084	0,085	0,085	0,640	0,654	0,599	0,603	0,776	0,828	0,086	0,085	0,084	0,086	0,085	0,088	0,651	0,665	0,638	0,640	0,724	0,820	0,086	0,084	0,085	0,085	0,085	0,084
10:10:19	37,0	0,633	0,643	0,638	0,615	0,648	0,723	0,092	0,085	0,085	0,085	0,085	0,084	0,621	0,636	0,626	0,603	0,695	0,670	0,086	0,085	0,086	0,084	0,084	0,085	0,648	0,650	0,652	0,606	0,745	0,822	0,084	0,086	0,085	0,086	0,084	0,086	0,624	0,647	0,628	0,595	0,743	0,653	0,088	0,085	0,085	0,086	0,085	0,087	0,653	0,648	0,609	0,609	0,740	0,806	0,085	0,085	0,086	0,085	0,084	0,086	0,652	0,657	0,646	0,705	0,753	0,824	0,086	0,084	0,084	0,084	0,085	0,085	0,646	0,659	0,606	0,613	0,791	0,845	0,085	0,085	0,084	0,085	0,085	0,088	0,657	0,671	0,646	0,649	0,737	0,835	0,086	0,083	0,085	0,085	0,085	0,084
10:20:19	37,0	0,634	0,652	0,640	0,625	0,661	0,734	0,092	0,085	0,085	0,086	0,085	0,084	0,621	0,641	0,632	0,610	0,711	0,682	0,086	0,085	0,086	0,084	0,084	0,085	0,649	0,656	0,660	0,614	0,759	0,837	0,084	0,087	0,086	0,086	0,084	0,086	0,631	0,652	0,632	0,602	0,756	0,662	0,088	0,085	0,085	0,086	0,085	0,087	0,657	0,653	0,614	0,617	0,754	0,821	0,085	0,086	0,086	0,085	0,084	0,086	0,659	0,664	0,656	0,719	0,767	0,839	0,086	0,084	0,084	0,084	0,085	0,085	0,654	0,665	0,614	0,621	0,806	0,862	0,086	0,085	0,084	0,086	0,085	0,088	0,669	0,678	0,653	0,660	0,753	0,850	0,086	0,084	0,085	0,085	0,085	0,084
10:30:19	37,0	0,642	0,657	0,642	0,635	0,671	0,746	0,092	0,085	0,085	0,086	0,085	0,084	0,626	0,646	0,636	0,618	0,723	0,693	0,086	0,085	0,086	0,084	0,084	0,085	0,656	0,659	0,665	0,620	0,774	0,852	0,085	0,087	0,085	0,086	0,084	0,086	0,632	0,654	0,637	0,611	0,770	0,671	0,088	0,085	0,085	0,086	0,085	0,087	0,661	0,654	0,619	0,624	0,766	0,834	0,085	0,085	0,087	0,085	0,084	0,086	0,664	0,669	0,661	0,730	0,781	0,851	0,086	0,084	0,084	0,084	0,085	0,085	0,657	0,670	0,618	0,629	0,818	0,875	0,086	0,085	0,084	0,086	0,085	0,088	0,675	0,684	0,658	0,670	0,765	0,864	0,086	0,084	0,085	0,085	0,085	0,084
10:40:19	37,0	0,648	0,662	0,644	0,645	0,682	0,758	0,092	0,085	0,085	0,086	0,085	0,084	0,629	0,650	0,640	0,627	0,735	0,705	0,086	0,085	0,086	0,084	0,084	0,085	0,663	0,666	0,668	0,629	0,786	0,866	0,085	0,086	0,085	0,086	0,084	0,086	0,639	0,660	0,643	0,618	0,785	0,681	0,088	0,085	0,085	0,086	0,085	0,087	0,661	0,659	0,625	0,634	0,779	0,847	0,085	0,086	0,087	0,085	0,084	0,086	0,670	0,672	0,663	0,744	0,794	0,864	0,086	0,084	0,084	0,084	0,085	0,085	0,660	0,676	0,625	0,637	0,833	0,887	0,086	0,085	0,084	0,086	0,085	0,088	0,679	0,690	0,666	0,680	0,779	0,877	0,086	0,084	0,085	0,085	0,085	0,084
10:50:19	37,0	0,652	0,661	0,650	0,654	0,695	0,769	0,092	0,085	0,085	0,085	0,085	0,084	0,634	0,655	0,645	0,633	0,749	0,716	0,086	0,085	0,086	0,084	0,084	0,085	0,667	0,670	0,672	0,637	0,799	0,879	0,084	0,087	0,085	0,086	0,084	0,086	0,645	0,662	0,648	0,625	0,795	0,690	0,088	0,085	0,085	0,086	0,084	0,087	0,666	0,666	0,631	0,641	0,793	0,863	0,085	0,085	0,086	0,085	0,084	0,086	0,680	0,674	0,668	0,755	0,808	0,877	0,086	0,084	0,084	0,084	0,085	0,085	0,664	0,681	0,629	0,647	0,846	0,902	0,085	0,085	0,084	0,086	0,085	0,088	0,685	0,699	0,675	0,689	0,791	0,890	0,086	0,084	0,085	0,085	0,085	0,084
11:00:19	37,0	0,657	0,670	0,654	0,667	0,707	0,777	0,092	0,085	0,085	0,086	0,085	0,084	0,637	0,662	0,650	0,642	0,762	0,724	0,086	0,085	0,086	0,084	0,084	0,085	0,673	0,675	0,676	0,644	0,812	0,894	0,084	0,087	0,086	0,086	0,084	0,086	0,653	0,667	0,651	0,633	0,810	0,699	0,087	0,085	0,085	0,086	0,085	0,087	0,673	0,670	0,638	0,648	0,806	0,875	0,085	0,085	0,086	0,085	0,084	0,086	0,685	0,678	0,674	0,770	0,821	0,889	0,086	0,084	0,084	0,084	0,085	0,085	0,671	0,688	0,637	0,656	0,858	0,915	0,086	0,085	0,084	0,086	0,085	0,088	0,695	0,703	0,683	0,700	0,803	0,904	0,086	0,084	0,085	0,085	0,085	0,084
11:10:19	37,0	0,659	0,675	0,657	0,674	0,717	0,789	0,093	0,085	0,085	0,086	0,085	0,084	0,645	0,667	0,656	0,650	0,773	0,737	0,086	0,085	0,086	0,084	0,084	0,085	0,677	0,681	0,680	0,653	0,824	0,908	0,085	0,087	0,086	0,086	0,084	0,086	0,660	0,672	0,658	0,641	0,821	0,710	0,088	0,085	0,085	0,086	0,085	0,087	0,681	0,675	0,643	0,658	0,817	0,889	0,085	0,086	0,086	0,085	0,084	0,086	0,691	0,684	0,680	0,780	0,833	0,900	0,086	0,084	0,084	0,084	0,085	0,085	0,675	0,691	0,642	0,664	0,871	0,925	0,085	0,085	0,084	0,086	0,085	0,088	0,701	0,710	0,688	0,710	0,816	0,914	0,086	0,084	0,085	0,085	0,085	0,084
11:20:19	36,9	0,668	0,682	0,662	0,683	0,727	0,800	0,092	0,085	0,085	0,086	0,085	0,084	0,648	0,669	0,658	0,659	0,785	0,747	0,086	0,085	0,086	0,084	0,084	0,085	0,681	0,686	0,681	0,659	0,838	0,920	0,084	0,086	0,085	0,086	0,084	0,086	0,664	0,679	0,659	0,649	0,834	0,717	0,088	0,085	0,085	0,086	0,085	0,087	0,688	0,680	0,648	0,664	0,830	0,900	0,085	0,085	0,086	0,085	0,084	0,086	0,698	0,686	0,685	0,791	0,844	0,913	0,086	0,084	0,084	0,084	0,085	0,085	0,679	0,693	0,647	0,672	0,882	0,938	0,085	0,085	0,084	0,086	0,085	0,088	0,704	0,715	0,695	0,720	0,828	0,926	0,086	0,084	0,085	0,085	0,085	0,084
11:30:19	37,0	0,669	0,685	0,670	0,692	0,738	0,810	0,092	0,085	0,085	0,086	0,085	0,084	0,652	0,674	0,665	0,666	0,796	0,756	0,086	0,085	0,086	0,084	0,084	0,085	0,687	0,689	0,686	0,668	0,848	0,932	0,085	0,086	0,085	0,086	0,084	0,086	0,671	0,682	0,663	0,657	0,845	0,726	0,088	0,085	0,085	0,086	0,085	0,087	0,694	0,685	0,653	0,672	0,841	0,911	0,085	0,085	0,086	0,085	0,084	0,086	0,703	0,690	0,688	0,804	0,857	0,925	0,086	0,084	0,084	0,084	0,085	0,085	0,683	0,697	0,649	0,680	0,895	0,949	0,085	0,085	0,084	0,085	0,085	0,088	0,708	0,721	0,702	0,730	0,839	0,938	0,086	0,083	0,085	0,085	0,085	0,084
11:40:19	37,0	0,671	0,686	0,675	0,702	0,748	0,818	0,092	0,085	0,085	0,086	0,085	0,084	0,659	0,676	0,670	0,674	0,806	0,766	0,086	0,085	0,086	0,084	0,084	0,085	0,693	0,696	0,691	0,675	0,858	0,943	0,084	0,087	0,085	0,086	0,084	0,086	0,680	0,684	0,668	0,665	0,857	0,735	0,087	0,085	0,085	0,086	0,085	0,087	0,698	0,690	0,659	0,680	0,853	0,923	0,085	0,085	0,086	0,085	0,084	0,086	0,707	0,696	0,691	0,816	0,869	0,936	0,086	0,084	0,084	0,084	0,084	0,085	0,687	0,702	0,654	0,686	0,906	0,960	0,086	0,085	0,084	0,086	0,085	0,088	0,713	0,727	0,705	0,739	0,851	0,949	0,086	0,084	0,085	0,085	0,085	0,084
11:50:19	37,0	0,675	0,690	0,684	0,710	0,757	0,828	0,092	0,085	0,085	0,086	0,085	0,084	0,663	0,682	0,673	0,681	0,817	0,776	0,086	0,085	0,086	0,084	0,084	0,085	0,695	0,701	0,695	0,683	0,870	0,954	0,084	0,086	0,085	0,086	0,084	0,086	0,684	0,689	0,673	0,672	0,868	0,742	0,088	0,085	0,085	0,086	0,085	0,087	0,700	0,695	0,664	0,689	0,863	0,933	0,085	0,085	0,087	0,085	0,084	0,086	0,715	0,700	0,695	0,825	0,877	0,946	0,086	0,084	0,084	0,084	0,085	0,085	0,691	0,706	0,658	0,695	0,918	0,970	0,085	0,085	0,084	0,086	0,085	0,088	0,720	0,732	0,709	0,749	0,861	0,959	0,086	0,084	0,085	0,085	0,085	0,084
12:00:19	37,0	0,683	0,701	0,689	0,721	0,769	0,838	0,092	0,085	0,085	0,086	0,085	0,084	0,671	0,687	0,678	0,690	0,828	0,784	0,086	0,085	0,086	0,084	0,084	0,085	0,702	0,704	0,698	0,690	0,881	0,967	0,085	0,087	0,085	0,086	0,084	0,086	0,690	0,693	0,678	0,679	0,879	0,751	0,088	0,085	0,085	0,086	0,085	0,087	0,704	0,699	0,668	0,695	0,874	0,945	0,085	0,085	0,086	0,085	0,084	0,086	0,720	0,702	0,701	0,838	0,889	0,958	0,086	0,084	0,084	0,084	0,085	0,085	0,700	0,710	0,661	0,704	0,929	0,982	0,086	0,085	0,084	0,086	0,085	0,088	0,725	0,739	0,716	0,758	0,872	0,971	0,086	0,084	0,085	0,085	0,085	0,084
12:10:19	37,0	0,683	0,704	0,687	0,728	0,775	0,846	0,092	0,085	0,085	0,085	0,085	0,084	0,677	0,692	0,683	0,698	0,839	0,795	0,086	0,085	0,086	0,084	0,084	0,085	0,706	0,709	0,705	0,697	0,892	0,976	0,085	0,086	0,085	0,086	0,084	0,086	0,696	0,696	0,681	0,686	0,892	0,760	0,088	0,085	0,085	0,086	0,084	0,087	0,706	0,704	0,672	0,704	0,881	0,955	0,085	0,085	0,086	0,085	0,084	0,086	0,725	0,709	0,703	0,847	0,899	0,967	0,086	0,084	0,084	0,084	0,085	0,085	0,703	0,715	0,665	0,711	0,940	0,992	0,085	0,085	0,084	0,086	0,085	0,088	0,728	0,741	0,719	0,768	0,883	0,980	0,086	0,083	0,085	0,084	0,085	0,084
12:20:19	37,0	0,687	0,709	0,694	0,735	0,784	0,855	0,092	0,085	0,085	0,086	0,085	0,084	0,679	0,695	0,687	0,705	0,849	0,804	0,086	0,085	0,086	0,084	0,084	0,085	0,711	0,714	0,710	0,705	0,904	0,985	0,085	0,087	0,085	0,086	0,084	0,086	0,704	0,702	0,686	0,694	0,901	0,768	0,088	0,085	0,085	0,086	0,085	0,087	0,713	0,708	0,677	0,711	0,892	0,964	0,085	0,085	0,086	0,085	0,084	0,086	0,731	0,714	0,705	0,858	0,910	0,977	0,086	0,084	0,084	0,084	0,085	0,085	0,707	0,719	0,668	0,719	0,947	1,002	0,086	0,085	0,084	0,086	0,085	0,088	0,735	0,746	0,724	0,777	0,893	0,990	0,086	0,084	0,085	0,085	0,085	0,084
12:30:19	37,0	0,693	0,714	0,691	0,743	0,791	0,858	0,092	0,085	0,085	0,086	0,085	0,084	0,685	0,700	0,692	0,712	0,858	0,811	0,086	0,085	0,086	0,084	0,084	0,085	0,718	0,716	0,714	0,711	0,911	0,992	0,084	0,086	0,085	0,086	0,084	0,086	0,705	0,706	0,690	0,702	0,911	0,776	0,087	0,085	0,085	0,086	0,084	0,087	0,718	0,711	0,680	0,718	0,900	0,971	0,085	0,085	0,086	0,085	0,084	0,086	0,736	0,717	0,710	0,865	0,918	0,984	0,086	0,084	0,084	0,084	0,084	0,085	0,713	0,724	0,671	0,724	0,958	1,010	0,085	0,085	0,084	0,085	0,085	0,088	0,741	0,752	0,727	0,784	0,902	0,997	0,086	0,083	0,085	0,085	0,085	0,084
12:40:19	37,0	0,702	0,717	0,697	0,751	0,799	0,869	0,092	0,085	0,085	0,086	0,085	0,084	0,690	0,705	0,695	0,720	0,868	0,821	0,086	0,085	0,086	0,084	0,084	0,085	0,719	0,721	0,718	0,720	0,921	1,003	0,084	0,087	0,085	0,086	0,084	0,086	0,715	0,710	0,695	0,710	0,920	0,784	0,087	0,085	0,085	0,086	0,085	0,087	0,725	0,716	0,683	0,723	0,912	0,981	0,085	0,085	0,086	0,085	0,084	0,086	0,739	0,720	0,712	0,874	0,929	0,995	0,086	0,084	0,084	0,084	0,085	0,085	0,715	0,727	0,674	0,732	0,967	1,020	0,085	0,085	0,084	0,085	0,085	0,088	0,744	0,759	0,733	0,794	0,912	1,006	0,086	0,084	0,085	0,085	0,085	0,084
12:50:19	37,0	0,702	0,722	0,705	0,758	0,808	0,877	0,092	0,085	0,085	0,086	0,085	0,084	0,693	0,708	0,699	0,727	0,876	0,829	0,086	0,085	0,086	0,084	0,084	0,085	0,724	0,725	0,721	0,726	0,931	1,012	0,084	0,086	0,085	0,086	0,084	0,086	0,721	0,713	0,700	0,716	0,931	0,791	0,088	0,085	0,085	0,086	0,085	0,087	0,728	0,720	0,688	0,732	0,920	0,991	0,085	0,085	0,086	0,085	0,084	0,086	0,742	0,725	0,716	0,885	0,939	1,003	0,086	0,084	0,084	0,084	0,085	0,085	0,721	0,731	0,678	0,738	0,976	1,029	0,085	0,085	0,084	0,085	0,085	0,088	0,748	0,763	0,736	0,802	0,923	1,014	0,086	0,083	0,085	0,085	0,085	0,084
13:00:19	37,0	0,710	0,731	0,711	0,766	0,816	0,884	0,092	0,085	0,085	0,086	0,085	0,084	0,698	0,713	0,703	0,733	0,885	0,838	0,086	0,085	0,086	0,084	0,084	0,085	0,731	0,730	0,726	0,733	0,940	1,020	0,085	0,087	0,085	0,086	0,084	0,086	0,722	0,718	0,704	0,722	0,940	0,799	0,088	0,085	0,085	0,086	0,085	0,087	0,732	0,725	0,691	0,738	0,931	0,999	0,085	0,085	0,086	0,085	0,084	0,086	0,747	0,730	0,721	0,894	0,948	1,012	0,086	0,084	0,084	0,084	0,085	0,085	0,730	0,735	0,680	0,745	0,986	1,037	0,086	0,085	0,084	0,086	0,085	0,088	0,755	0,765	0,741	0,810	0,932	1,023	0,086	0,084	0,085	0,085	0,085	0,084
13:10:19	37,0	0,720	0,734	0,719	0,777	0,827	0,894	0,092	0,085	0,085	0,086	0,085	0,084	0,703	0,717	0,707	0,741	0,894	0,847	0,086	0,085	0,086	0,084	0,084	0,085	0,738	0,734	0,730	0,740	0,950	1,030	0,084	0,087	0,085	0,086	0,084	0,086	0,732	0,721	0,708	0,729	0,950	0,808	0,087	0,085	0,085	0,086	0,085	0,087	0,738	0,729	0,696	0,744	0,941	1,008	0,085	0,085	0,086	0,085	0,084	0,086	0,752	0,734	0,724	0,902	0,957	1,020	0,086	0,084	0,084	0,084	0,085	0,085	0,732	0,741	0,683	0,753	0,993	1,046	0,085	0,085	0,084	0,086	0,085	0,088	0,760	0,773	0,746	0,820	0,942	1,029	0,086	0,084	0,085	0,085	0,085	0,084
13:20:19	37,0	0,725	0,739	0,723	0,787	0,838	0,905	0,092	0,085	0,085	0,086	0,085	0,084	0,709	0,721	0,713	0,747	0,905	0,854	0,086	0,085	0,086	0,084	0,084	0,085	0,743	0,738	0,735	0,745	0,959	1,040	0,085	0,087	0,085	0,086	0,084	0,086	0,739	0,724	0,712	0,736	0,958	0,816	0,088	0,085	0,085	0,086	0,085	0,087	0,741	0,734	0,698	0,750	0,951	1,018	0,085	0,086	0,086	0,085	0,084	0,086	0,758	0,739	0,730	0,912	0,965	1,029	0,086	0,084	0,084	0,084	0,085	0,085	0,740	0,747	0,689	0,761	1,002	1,056	0,086	0,085	0,084	0,086	0,085	0,088	0,765	0,775	0,753	0,829	0,953	1,038	0,086	0,084	0,085	0,085	0,085	0,084
13:30:19	37,0	0,726	0,742	0,727	0,794	0,847	0,914	0,092	0,085	0,085	0,086	0,085	0,084	0,712	0,725	0,716	0,753	0,913	0,863	0,086	0,085	0,086	0,084	0,084	0,085	0,746	0,743	0,739	0,751	0,968	1,048	0,085	0,087	0,086	0,086	0,084	0,086	0,746	0,729	0,716	0,742	0,969	0,825	0,088	0,085	0,086	0,086	0,085	0,087	0,746	0,739	0,703	0,757	0,961	1,026	0,085	0,086	0,087	0,085	0,084	0,086	0,765	0,741	0,734	0,921	0,975	1,037	0,086	0,084	0,084	0,085	0,085	0,085	0,746	0,754	0,693	0,767	1,011	1,063	0,086	0,085	0,084	0,086	0,085	0,088	0,771	0,781	0,757	0,837	0,961	1,047	0,086	0,084	0,085	0,085	0,085	0,084
13:40:19	37,0	0,728	0,753	0,735	0,802	0,854	0,922	0,092	0,085	0,085	0,086	0,085	0,084	0,716	0,728	0,718	0,761	0,923	0,871	0,086	0,085	0,086	0,084	0,084	0,085	0,750	0,748	0,741	0,758	0,976	1,056	0,085	0,087	0,085	0,086	0,084	0,086	0,748	0,733	0,721	0,748	0,976	0,833	0,088	0,085	0,085	0,086	0,085	0,087	0,752	0,742	0,709	0,763	0,970	1,034	0,085	0,085	0,086	0,085	0,084	0,086	0,769	0,746	0,739	0,929	0,984	1,044	0,086	0,084	0,084	0,084	0,085	0,085	0,750	0,758	0,700	0,774	1,020	1,070	0,085	0,085	0,084	0,086	0,085	0,088	0,775	0,787	0,760	0,845	0,969	1,052	0,086	0,084	0,085	0,085	0,085	0,084
13:50:19	37,0	0,730	0,755	0,738	0,808	0,862	0,930	0,092	0,085	0,085	0,086	0,085	0,084	0,722	0,732	0,723	0,768	0,931	0,878	0,086	0,085	0,086	0,084	0,084	0,085	0,756	0,752	0,744	0,765	0,985	1,062	0,084	0,087	0,085	0,086	0,084	0,086	0,754	0,738	0,724	0,755	0,984	0,840	0,088	0,085	0,085	0,086	0,085	0,087	0,758	0,747	0,713	0,769	0,978	1,041	0,085	0,085	0,086	0,085	0,084	0,086	0,773	0,752	0,742	0,936	0,993	1,050	0,086	0,084	0,084	0,084	0,084	0,085	0,752	0,761	0,705	0,781	1,028	1,076	0,085	0,085	0,084	0,086	0,085	0,088	0,781	0,789	0,766	0,853	0,977	1,058	0,086	0,084	0,085	0,085	0,085	0,084
14:00:19	37,0	0,740	0,764	0,747	0,816	0,870	0,938	0,092	0,085	0,085	0,086	0,085	0,084	0,726	0,737	0,728	0,774	0,936	0,885	0,086	0,085	0,086	0,084	0,084	0,085	0,760	0,755	0,750	0,772	0,994	1,070	0,085	0,087	0,085	0,086	0,084	0,086	0,756	0,741	0,729	0,761	0,995	0,848	0,088	0,085	0,085	0,086	0,085	0,087	0,764	0,752	0,717	0,775	0,987	1,048	0,085	0,085	0,086	0,085	0,084	0,086	0,778	0,756	0,748	0,944	1,001	1,057	0,086	0,084	0,084	0,084	0,085	0,085	0,759	0,764	0,712	0,787	1,035	1,082	0,086	0,085	0,084	0,086	0,085	0,088	0,786	0,794	0,770	0,861	0,986	1,064	0,086	0,084	0,085	0,085	0,085	0,084
14:10:19	37,0	0,745	0,764	0,750	0,824	0,878	0,946	0,092	0,085	0,085	0,086	0,085	0,084	0,730	0,740	0,730	0,780	0,944	0,892	0,086	0,085	0,086	0,084	0,084	0,085	0,762	0,759	0,754	0,778	1,002	1,076	0,084	0,087	0,085	0,086	0,084	0,086	0,761	0,746	0,732	0,766	1,003	0,855	0,087	0,085	0,085	0,086	0,085	0,087	0,769	0,756	0,723	0,781	0,995	1,055	0,085	0,085	0,086	0,085	0,084	0,086	0,779	0,759	0,755	0,952	1,008	1,063	0,086	0,084	0,084	0,084	0,085	0,085	0,761	0,768	0,718	0,793	1,043	1,088	0,086	0,085	0,084	0,086	0,085	0,088	0,791	0,799	0,775	0,869	0,993	1,068	0,086	0,084	0,085	0,085	0,085	0,084
14:20:19	37,0	0,752	0,771	0,748	0,828	0,884	0,953	0,092	0,085	0,085	0,085	0,085	0,084	0,736	0,744	0,734	0,787	0,953	0,899	0,086	0,085	0,086	0,084	0,084	0,085	0,765	0,765	0,757	0,784	1,010	1,080	0,084	0,087	0,085	0,086	0,084	0,086	0,761	0,749	0,736	0,774	1,013	0,861	0,088	0,085	0,085	0,086	0,085	0,087	0,773	0,760	0,730	0,787	1,002	1,060	0,085	0,085	0,086	0,085	0,084	0,086	0,785	0,763	0,762	0,961	1,017	1,067	0,086	0,084	0,084	0,084	0,084	0,085	0,763	0,773	0,723	0,800	1,050	1,092	0,085	0,085	0,084	0,086	0,085	0,088	0,793	0,803	0,780	0,876	1,001	1,073	0,086	0,084	0,085	0,085	0,085	0,084
14:30:19	37,0	0,759	0,771	0,753	0,839	0,894	0,961	0,092	0,085	0,085	0,086	0,085	0,084	0,740	0,750	0,737	0,791	0,961	0,907	0,086	0,085	0,086	0,084	0,084	0,085	0,772	0,768	0,759	0,788	1,018	1,088	0,085	0,087	0,085	0,086	0,084	0,086	0,768	0,754	0,740	0,778	1,019	0,867	0,088	0,085	0,085	0,086	0,085	0,087	0,777	0,763	0,734	0,792	1,009	1,068	0,085	0,085	0,086	0,085	0,084	0,086	0,787	0,767	0,770	0,966	1,024	1,075	0,086	0,084	0,084	0,084	0,085	0,085	0,772	0,776	0,731	0,805	1,055	1,099	0,086	0,085	0,084	0,086	0,085	0,088	0,800	0,807	0,788	0,884	1,008	1,079	0,086	0,084	0,085	0,085	0,085	0,084
14:40:19	37,0	0,758	0,779	0,758	0,846	0,901	0,967	0,092	0,085	0,085	0,086	0,085	0,084	0,745	0,754	0,740	0,796	0,969	0,914	0,086	0,085	0,086	0,084	0,084	0,085	0,776	0,771	0,763	0,793	1,026	1,094	0,084	0,087	0,085	0,086	0,084	0,086	0,773	0,758	0,743	0,784	1,026	0,875	0,088	0,085	0,085	0,086	0,085	0,087	0,783	0,768	0,740	0,799	1,017	1,073	0,085	0,085	0,086	0,085	0,084	0,086	0,792	0,770	0,777	0,975	1,031	1,080	0,086	0,084	0,084	0,084	0,085	0,085	0,773	0,780	0,739	0,811	1,063	1,105	0,086	0,085	0,084	0,086	0,085	0,088	0,804	0,813	0,790	0,892	1,015	1,083	0,086	0,084	0,085	0,085	0,085	0,084
14:50:19	36,9	0,761	0,784	0,765	0,853	0,907	0,973	0,092	0,085	0,085	0,086	0,085	0,084	0,750	0,760	0,744	0,803	0,978	0,920	0,086	0,085	0,086	0,084	0,084	0,085	0,780	0,774	0,767	0,799	1,033	1,098	0,085	0,087	0,085	0,086	0,084	0,086	0,776	0,760	0,748	0,789	1,033	0,882	0,088	0,085	0,085	0,086	0,085	0,087	0,785	0,771	0,747	0,804	1,023	1,078	0,085	0,085	0,086	0,084	0,084	0,086	0,795	0,775	0,780	0,981	1,039	1,083	0,086	0,084	0,084	0,084	0,085	0,085	0,777	0,784	0,745	0,817	1,069	1,109	0,086	0,085	0,084	0,086	0,085	0,088	0,808	0,816	0,796	0,899	1,022	1,086	0,086	0,084	0,085	0,085	0,085	0,084
15:00:19	37,0	0,766	0,789	0,768	0,860	0,916	0,980	0,092	0,085	0,085	0,085	0,085	0,084	0,755	0,762	0,749	0,808	0,985	0,925	0,086	0,085	0,086	0,084	0,084	0,085	0,786	0,778	0,770	0,804	1,040	1,105	0,084	0,086	0,085	0,086	0,084	0,086	0,780	0,764	0,750	0,796	1,040	0,884	0,087	0,085	0,085	0,086	0,085	0,087	0,790	0,775	0,751	0,810	1,029	1,083	0,085	0,085	0,086	0,085	0,084	0,086	0,803	0,778	0,786	0,987	1,045	1,088	0,086	0,084	0,084	0,084	0,085	0,085	0,783	0,788	0,747	0,823	1,074	1,112	0,085	0,085	0,084	0,085	0,085	0,088	0,813	0,818	0,801	0,906	1,028	1,091	0,086	0,083	0,085	0,085	0,085	0,084
15:10:19	37,0	0,771	0,799	0,773	0,867	0,922	0,984	0,092	0,085	0,085	0,086	0,085	0,084	0,757	0,765	0,751	0,814	0,992	0,932	0,086	0,085	0,086	0,084	0,084	0,085	0,789	0,783	0,773	0,810	1,048	1,109	0,084	0,086	0,085	0,086	0,084	0,086	0,783	0,768	0,754	0,799	1,046	0,909	0,088	0,085	0,085	0,086	0,085	0,087	0,793	0,779	0,754	0,816	1,036	1,088	0,085	0,085	0,086	0,085	0,084	0,086	0,806	0,782	0,791	0,995	1,052	1,091	0,086	0,084	0,084	0,084	0,084	0,085	0,785	0,791	0,752	0,829	1,081	1,117	0,085	0,085	0,084	0,085	0,085	0,088	0,815	0,822	0,805	0,913	1,034	1,093	0,086	0,084	0,085	0,085	0,085	0,084
15:20:19	37,0	0,775	0,803	0,777	0,875	0,931	0,990	0,092	0,085	0,085	0,086	0,085	0,084	0,763	0,767	0,755	0,819	1,000	0,937	0,086	0,085	0,086	0,084	0,084	0,085	0,793	0,786	0,777	0,817	1,054	1,113	0,085	0,087	0,085	0,086	0,084	0,086	0,787	0,772	0,758	0,805	1,052	0,915	0,088	0,085	0,085	0,086	0,085	0,087	0,798	0,782	0,759	0,821	1,041	1,092	0,085	0,085	0,086	0,085	0,084	0,086	0,810	0,785	0,794	1,001	1,058	1,094	0,086	0,084	0,084	0,084	0,085	0,085	0,790	0,795	0,758	0,834	1,085	1,119	0,085	0,085	0,084	0,086	0,085	0,088	0,819	0,825	0,811	0,919	1,040	1,096	0,086	0,084	0,085	0,085	0,085	0,084
15:30:19	37,0	0,777	0,803	0,783	0,880	0,936	0,995	0,092	0,085	0,085	0,086	0,085	0,084	0,771	0,770	0,757	0,825	1,007	0,942	0,086	0,085	0,086	0,084	0,084	0,085	0,795	0,790	0,781	0,821	1,060	1,116	0,085	0,087	0,085	0,086	0,084	0,086	0,791	0,775	0,763	0,810	1,058	0,919	0,088	0,085	0,085	0,086	0,085	0,087	0,799	0,786	0,763	0,824	1,048	1,095	0,085	0,085	0,086	0,085	0,084	0,086	0,813	0,789	0,797	1,007	1,063	1,097	0,086	0,084	0,084	0,084	0,085	0,085	0,791	0,799	0,763	0,840	1,090	1,121	0,085	0,085	0,084	0,086	0,085	0,088	0,822	0,831	0,817	0,927	1,045	1,097	0,086	0,084	0,085	0,085	0,085	0,084
15:40:19	37,0	0,786	0,808	0,787	0,887	0,945	1,000	0,092	0,085	0,085	0,086	0,085	0,084	0,770	0,775	0,764	0,831	1,013	0,946	0,086	0,085	0,086	0,084	0,084	0,085	0,798	0,794	0,785	0,827	1,067	1,121	0,085	0,087	0,085	0,086	0,084	0,086	0,796	0,779	0,765	0,817	1,065	0,922	0,088	0,085	0,085	0,086	0,085	0,087	0,805	0,790	0,766	0,832	1,053	1,099	0,085	0,085	0,086	0,085	0,084	0,086	0,816	0,792	0,802	1,012	1,068	1,100	0,086	0,084	0,084	0,084	0,085	0,085	0,796	0,802	0,766	0,844	1,095	1,124	0,086	0,085	0,084	0,086	0,085	0,088	0,828	0,833	0,822	0,932	1,050	1,100	0,086	0,084	0,085	0,085	0,085	0,084
15:50:19	37,0	0,788	0,813	0,793	0,894	0,953	1,006	0,092	0,085	0,085	0,086	0,085	0,084	0,776	0,777	0,763	0,835	1,019	0,950	0,086	0,085	0,086	0,084	0,084	0,085	0,801	0,797	0,788	0,831	1,073	1,124	0,084	0,087	0,086	0,086	0,084	0,086	0,798	0,781	0,768	0,822	1,070	0,925	0,088	0,085	0,085	0,086	0,085	0,087	0,811	0,792	0,771	0,836	1,060	1,102	0,085	0,085	0,086	0,085	0,084	0,086	0,820	0,795	0,806	1,018	1,072	1,102	0,086	0,084	0,084	0,084	0,085	0,085	0,803	0,806	0,770	0,850	1,099	1,126	0,086	0,085	0,084	0,086	0,085	0,088	0,832	0,835	0,829	0,938	1,054	1,101	0,086	0,084	0,085	0,085	0,085	0,084
16:00:19	37,0	0,787	0,813	0,794	0,899	0,958	1,008	0,092	0,085	0,085	0,086	0,085	0,084	0,777	0,779	0,766	0,840	1,025	0,955	0,086	0,085	0,086	0,084	0,084	0,085	0,803	0,801	0,790	0,836	1,078	1,126	0,084	0,087	0,085	0,086	0,084	0,086	0,804	0,785	0,772	0,826	1,075	0,929	0,088	0,085	0,085	0,086	0,085	0,087	0,813	0,795	0,775	0,840	1,063	1,104	0,085	0,085	0,086	0,085	0,084	0,086	0,825	0,799	0,811	1,025	1,075	1,104	0,086	0,084	0,084	0,084	0,085	0,085	0,804	0,810	0,775	0,855	1,103	1,126	0,085	0,085	0,084	0,085	0,085	0,088	0,836	0,842	0,834	0,944	1,058	1,101	0,086	0,084	0,085	0,085	0,085	0,084
16:10:19	37,0	0,791	0,816	0,800	0,905	0,963	1,012	0,092	0,085	0,085	0,086	0,085	0,084	0,779	0,783	0,772	0,845	1,030	0,958	0,086	0,085	0,086	0,084	0,084	0,085	0,806	0,804	0,794	0,839	1,082	1,129	0,084	0,087	0,085	0,086	0,084	0,086	0,808	0,789	0,774	0,831	1,080	0,931	0,088	0,085	0,085	0,086	0,085	0,087	0,816	0,798	0,777	0,844	1,068	1,107	0,085	0,085	0,086	0,085	0,084	0,086	0,829	0,802	0,814	1,029	1,079	1,105	0,086	0,084	0,084	0,084	0,085	0,085	0,806	0,811	0,778	0,859	1,105	1,127	0,086	0,085	0,084	0,085	0,085	0,088	0,841	0,845	0,838	0,949	1,061	1,101	0,086	0,084	0,085	0,085	0,085	0,084
16:20:19	37,0	0,796	0,823	0,805	0,909	0,968	1,015	0,092	0,086	0,085	0,086	0,085	0,084	0,782	0,787	0,772	0,850	1,036	0,962	0,086	0,085	0,086	0,084	0,084	0,085	0,808	0,808	0,798	0,844	1,085	1,130	0,085	0,087	0,085	0,086	0,084	0,086	0,810	0,792	0,777	0,836	1,086	0,935	0,088	0,085	0,085	0,086	0,085	0,087	0,820	0,802	0,781	0,848	1,072	1,107	0,085	0,085	0,086	0,085	0,084	0,086	0,832	0,804	0,818	1,034	1,082	1,106	0,086	0,084	0,084	0,084	0,085	0,085	0,808	0,816	0,780	0,865	1,108	1,128	0,086	0,085	0,084	0,086	0,085	0,088	0,843	0,849	0,846	0,954	1,065	1,102	0,086	0,084	0,085	0,085	0,085	0,084
16:30:19	37,0	0,797	0,829	0,810	0,916	0,973	1,018	0,092	0,085	0,085	0,085	0,085	0,084	0,786	0,790	0,776	0,855	1,040	0,966	0,086	0,085	0,086	0,084	0,084	0,085	0,814	0,810	0,800	0,849	1,089	1,131	0,084	0,086	0,085	0,086	0,084	0,086	0,812	0,796	0,779	0,841	1,089	0,939	0,087	0,085	0,085	0,086	0,085	0,087	0,824	0,805	0,785	0,853	1,076	1,108	0,085	0,085	0,086	0,085	0,084	0,086	0,836	0,808	0,821	1,038	1,085	1,106	0,086	0,084	0,084	0,084	0,084	0,085	0,813	0,819	0,785	0,869	1,111	1,128	0,085	0,085	0,084	0,085	0,085	0,088	0,850	0,850	0,849	0,958	1,069	1,102	0,086	0,084	0,085	0,085	0,085	0,084
16:40:19	37,0	0,801	0,833	0,813	0,921	0,977	1,021	0,092	0,085	0,085	0,086	0,085	0,084	0,789	0,793	0,778	0,859	1,045	0,969	0,086	0,085	0,086	0,084	0,084	0,085	0,818	0,814	0,803	0,852	1,092	1,129	0,085	0,087	0,085	0,086	0,084	0,086	0,817	0,798	0,783	0,845	1,091	0,942	0,087	0,085	0,085	0,086	0,085	0,087	0,827	0,809	0,790	0,856	1,080	1,109	0,085	0,085	0,086	0,085	0,084	0,086	0,840	0,812	0,824	1,042	1,088	1,107	0,086	0,084	0,084	0,084	0,085	0,085	0,818	0,823	0,788	0,873	1,113	1,128	0,085	0,085	0,084	0,086	0,085	0,088	0,856	0,853	0,853	0,962	1,070	1,102	0,086	0,084	0,085	0,085	0,085	0,084
16:50:19	37,0	0,807	0,837	0,818	0,926	0,982	1,024	0,092	0,085	0,085	0,086	0,085	0,084	0,793	0,795	0,781	0,865	1,050	0,972	0,086	0,085	0,086	0,084	0,084	0,085	0,818	0,815	0,805	0,858	1,096	1,130	0,085	0,087	0,085	0,086	0,084	0,086	0,820	0,802	0,786	0,851	1,095	0,942	0,088	0,085	0,085	0,086	0,085	0,087	0,834	0,811	0,792	0,861	1,083	1,111	0,085	0,085	0,086	0,085	0,084	0,086	0,844	0,812	0,827	1,048	1,090	1,107	0,086	0,085	0,084	0,085	0,085	0,085	0,822	0,826	0,792	0,876	1,115	1,129	0,086	0,085	0,084	0,086	0,085	0,088	0,858	0,856	0,858	0,966	1,073	1,102	0,086	0,084	0,085	0,085	0,085	0,084
17:00:19	37,0	0,807	0,839	0,819	0,929	0,983	1,027	0,092	0,085	0,085	0,086	0,085	0,084	0,794	0,799	0,783	0,867	1,053	0,975	0,086	0,085	0,086	0,084	0,084	0,085	0,820	0,820	0,807	0,859	1,098	1,128	0,084	0,087	0,085	0,086	0,084	0,086	0,822	0,805	0,789	0,853	1,098	0,945	0,088	0,085	0,085	0,086	0,084	0,087	0,836	0,815	0,796	0,862	1,084	1,109	0,085	0,085	0,086	0,085	0,084	0,086	0,849	0,818	0,829	1,051	1,092	1,107	0,086	0,084	0,084	0,084	0,084	0,085	0,823	0,828	0,793	0,880	1,116	1,126	0,085	0,085	0,084	0,085	0,085	0,088	0,858	0,860	0,859	0,971	1,074	1,101	0,086	0,084	0,085	0,085	0,085	0,084
17:10:19	37,0	0,811	0,841	0,824	0,933	0,985	1,030	0,092	0,085	0,085	0,086	0,085	0,084	0,797	0,802	0,787	0,870	1,056	0,977	0,086	0,085	0,086	0,084	0,084	0,085	0,825	0,823	0,810	0,864	1,100	1,128	0,084	0,087	0,085	0,086	0,084	0,086	0,825	0,808	0,792	0,858	1,099	0,945	0,088	0,085	0,085	0,086	0,085	0,087	0,838	0,818	0,799	0,865	1,085	1,109	0,085	0,085	0,086	0,085	0,084	0,086	0,849	0,822	0,832	1,054	1,092	1,106	0,086	0,084	0,084	0,084	0,085	0,085	0,826	0,831	0,796	0,884	1,117	1,124	0,085	0,085	0,084	0,086	0,085	0,088	0,864	0,864	0,862	0,974	1,076	1,100	0,086	0,083	0,085	0,085	0,085	0,084
17:20:19	37,0	0,814	0,841	0,825	0,934	0,986	1,030	0,092	0,085	0,085	0,086	0,085	0,084	0,800	0,808	0,791	0,874	1,058	0,978	0,086	0,085	0,086	0,084	0,084	0,085	0,826	0,826	0,814	0,870	1,102	1,127	0,084	0,087	0,086	0,086	0,084	0,086	0,829	0,811	0,794	0,863	1,102	0,946	0,088	0,085	0,085	0,086	0,085	0,087	0,841	0,822	0,803	0,868	1,087	1,108	0,085	0,085	0,086	0,085	0,084	0,086	0,850	0,825	0,834	1,057	1,092	1,105	0,086	0,084	0,084	0,084	0,085	0,085	0,828	0,836	0,800	0,886	1,116	1,123	0,085	0,085	0,084	0,086	0,085	0,088	0,867	0,867	0,862	0,976	1,076	1,099	0,086	0,084	0,085	0,085	0,085	0,084
17:30:19	37,0	0,816	0,846	0,829	0,936	0,986	1,033	0,092	0,085	0,085	0,086	0,085	0,084	0,803	0,810	0,794	0,879	1,060	0,979	0,086	0,085	0,086	0,084	0,084	0,085	0,828	0,828	0,817	0,873	1,102	1,126	0,085	0,087	0,085	0,086	0,084	0,086	0,833	0,815	0,797	0,868	1,103	0,946	0,088	0,085	0,085	0,086	0,085	0,087	0,843	0,824	0,805	0,871	1,089	1,107	0,085	0,085	0,087	0,085	0,084	0,086	0,852	0,828	0,837	1,063	1,092	1,105	0,086	0,084	0,084	0,084	0,085	0,085	0,829	0,838	0,804	0,889	1,117	1,122	0,086	0,085	0,084	0,086	0,085	0,088	0,868	0,870	0,863	0,979	1,077	1,097	0,086	0,084	0,085	0,085	0,085	0,084
17:40:19	37,0	0,817	0,853	0,831	0,939	0,987	1,034	0,092	0,085	0,085	0,085	0,085	0,084	0,806	0,812	0,797	0,882	1,063	0,980	0,086	0,085	0,086	0,084	0,084	0,085	0,832	0,831	0,820	0,875	1,102	1,125	0,084	0,087	0,085	0,086	0,084	0,086	0,836	0,817	0,800	0,871	1,103	0,947	0,087	0,085	0,085	0,086	0,085	0,087	0,847	0,827	0,807	0,874	1,088	1,106	0,085	0,085	0,086	0,085	0,084	0,086	0,856	0,833	0,840	1,067	1,092	1,103	0,086	0,084	0,084	0,084	0,085	0,085	0,832	0,841	0,807	0,892	1,116	1,121	0,085	0,085	0,084	0,085	0,085	0,088	0,875	0,872	0,864	0,982	1,077	1,097	0,086	0,084	0,085	0,084	0,085	0,084
17:50:19	37,0	0,823	0,852	0,831	0,942	0,988	1,035	0,092	0,085	0,085	0,086	0,085	0,084	0,810	0,815	0,799	0,886	1,065	0,982	0,086	0,085	0,086	0,084	0,084	0,085	0,834	0,834	0,822	0,878	1,102	1,123	0,085	0,087	0,085	0,086	0,084	0,086	0,841	0,820	0,803	0,875	1,104	0,948	0,088	0,085	0,085	0,086	0,085	0,087	0,847	0,830	0,810	0,876	1,088	1,105	0,085	0,085	0,086	0,085	0,084	0,086	0,862	0,835	0,843	1,068	1,091	1,103	0,086	0,084	0,084	0,084	0,085	0,085	0,835	0,844	0,807	0,894	1,115	1,118	0,085	0,085	0,084	0,086	0,085	0,088	0,876	0,876	0,864	0,984	1,077	1,095	0,086	0,084	0,085	0,085	0,085	0,084
18:00:19	37,0	0,828	0,858	0,837	0,944	0,991	1,037	0,092	0,085	0,085	0,086	0,085	0,084	0,814	0,818	0,802	0,889	1,066	0,983	0,086	0,085	0,086	0,084	0,084	0,085	0,839	0,838	0,825	0,879	1,103	1,121	0,084	0,086	0,085	0,085	0,084	0,086	0,843	0,823	0,806	0,878	1,104	0,949	0,088	0,085	0,085	0,086	0,085	0,087	0,849	0,833	0,812	0,877	1,087	1,103	0,085	0,085	0,086	0,085	0,084	0,086	0,867	0,837	0,843	1,074	1,091	1,101	0,086	0,084	0,084	0,084	0,085	0,085	0,837	0,848	0,811	0,896	1,114	1,116	0,085	0,085	0,084	0,085	0,085	0,088	0,884	0,877	0,866	0,987	1,079	1,093	0,086	0,083	0,085	0,085	0,085	0,084
18:10:19	37,0	0,833	0,860	0,837	0,947	0,990	1,037	0,092	0,085	0,085	0,085	0,085	0,084	0,816	0,821	0,805	0,892	1,067	0,983	0,086	0,085	0,086	0,084	0,084	0,085	0,844	0,841	0,827	0,881	1,102	1,120	0,085	0,087	0,085	0,086	0,084	0,086	0,845	0,826	0,808	0,881	1,104	0,949	0,088	0,085	0,085	0,086	0,085	0,087	0,855	0,836	0,814	0,880	1,087	1,102	0,085	0,085	0,086	0,085	0,084	0,086	0,869	0,840	0,845	1,076	1,091	1,100	0,086	0,084	0,084	0,084	0,085	0,085	0,841	0,850	0,813	0,898	1,113	1,113	0,086	0,085	0,084	0,085	0,085	0,088	0,889	0,881	0,867	0,989	1,078	1,092	0,086	0,084	0,085	0,085	0,085	0,084
18:20:19	37,0	0,841	0,866	0,844	0,951	0,993	1,037	0,092	0,085	0,085	0,086	0,085	0,084	0,820	0,825	0,808	0,895	1,068	0,986	0,086	0,085	0,086	0,084	0,084	0,085	0,849	0,845	0,830	0,883	1,102	1,119	0,085	0,087	0,085	0,086	0,084	0,086	0,850	0,827	0,810	0,883	1,103	0,952	0,088	0,085	0,085	0,086	0,085	0,087	0,859	0,838	0,816	0,881	1,087	1,102	0,085	0,086	0,086	0,085	0,084	0,086	0,875	0,844	0,847	1,076	1,090	1,097	0,086	0,084	0,084	0,084	0,085	0,085	0,847	0,854	0,814	0,900	1,113	1,110	0,086	0,085	0,084	0,086	0,085	0,088	0,893	0,883	0,870	0,992	1,079	1,091	0,086	0,084	0,085	0,085	0,085	0,084
18:30:19	37,0	0,847	0,872	0,853	0,956	0,997	1,038	0,092	0,085	0,085	0,086	0,085	0,084	0,825	0,828	0,809	0,899	1,069	0,988	0,086	0,085	0,086	0,084	0,084	0,085	0,855	0,847	0,833	0,885	1,103	1,117	0,084	0,087	0,085	0,086	0,084	0,086	0,858	0,830	0,812	0,884	1,102	0,952	0,088	0,085	0,085	0,086	0,085	0,087	0,867	0,840	0,818	0,884	1,087	1,099	0,085	0,085	0,086	0,085	0,084	0,086	0,882	0,847	0,847	1,077	1,090	1,097	0,086	0,084	0,084	0,084	0,085	0,085	0,853	0,858	0,815	0,902	1,111	1,108	0,085	0,085	0,084	0,085	0,085	0,088	0,897	0,888	0,873	0,994	1,079	1,089	0,086	0,084	0,085	0,085	0,085	0,084
18:40:19	37,0	0,856	0,875	0,858	0,961	1,000	1,035	0,092	0,085	0,085	0,086	0,085	0,084	0,826	0,831	0,811	0,901	1,071	0,990	0,086	0,085	0,086	0,084	0,084	0,085	0,858	0,848	0,834	0,888	1,103	1,115	0,085	0,087	0,085	0,086	0,084	0,086	0,863	0,833	0,815	0,887	1,102	0,953	0,088	0,085	0,085	0,086	0,085	0,087	0,870	0,842	0,820	0,885	1,086	1,097	0,085	0,086	0,086	0,085	0,084	0,086	0,888	0,850	0,849	1,079	1,090	1,096	0,086	0,084	0,084	0,084	0,085	0,085	0,858	0,860	0,818	0,903	1,110	1,106	0,086	0,085	0,084	0,086	0,085	0,088	0,903	0,896	0,875	0,997	1,080	1,088	0,086	0,084	0,085	0,085	0,085	0,084
18:50:19	37,0	0,863	0,879	0,865	0,963	1,001	1,032	0,092	0,085	0,085	0,085	0,085	0,084	0,830	0,832	0,813	0,903	1,071	0,991	0,086	0,085	0,086	0,084	0,084	0,085	0,862	0,853	0,836	0,888	1,104	1,112	0,084	0,086	0,085	0,085	0,084	0,086	0,867	0,835	0,816	0,889	1,102	0,953	0,087	0,085	0,085	0,086	0,084	0,087	0,876	0,846	0,821	0,887	1,085	1,096	0,085	0,085	0,086	0,084	0,084	0,086	0,893	0,852	0,851	1,081	1,089	1,095	0,086	0,084	0,084	0,084	0,085	0,085	0,863	0,863	0,819	0,905	1,110	1,103	0,085	0,085	0,084	0,085	0,085	0,088	0,905	0,901	0,881	0,998	1,078	1,085	0,085	0,083	0,085	0,084	0,085	0,084
19:00:19	37,0	0,862	0,880	0,866	0,964	0,999	1,031	0,092	0,085	0,085	0,085	0,085	0,084	0,834	0,834	0,815	0,905	1,072	0,990	0,086	0,085	0,086	0,084	0,084	0,085	0,867	0,856	0,839	0,890	1,102	1,110	0,084	0,087	0,085	0,085	0,084	0,086	0,869	0,839	0,819	0,890	1,101	0,954	0,087	0,085	0,085	0,085	0,085	0,087	0,881	0,849	0,823	0,887	1,085	1,093	0,085	0,085	0,086	0,085	0,083	0,086	0,896	0,856	0,854	1,081	1,089	1,094	0,086	0,084	0,084	0,084	0,084	0,085	0,869	0,867	0,820	0,907	1,108	1,101	0,085	0,085	0,084	0,085	0,085	0,088	0,906	0,904	0,883	0,999	1,077	1,083	0,086	0,083	0,085	0,085	0,085	0,084
19:10:19	37,0	0,867	0,886	0,873	0,967	1,000	1,031	0,092	0,085	0,085	0,085	0,084	0,084	0,840	0,838	0,817	0,908	1,071	0,990	0,086	0,085	0,086	0,084	0,084	0,085	0,872	0,858	0,842	0,894	1,102	1,107	0,084	0,086	0,085	0,085	0,084	0,086	0,874	0,841	0,821	0,892	1,100	0,955	0,087	0,085	0,085	0,085	0,084	0,087	0,886	0,851	0,824	0,890	1,084	1,091	0,085	0,085	0,086	0,084	0,084	0,086	0,899	0,859	0,855	1,082	1,087	1,092	0,086	0,084	0,084	0,084	0,085	0,085	0,875	0,869	0,822	0,908	1,107	1,099	0,085	0,085	0,084	0,085	0,085	0,088	0,910	0,911	0,885	0,999	1,077	1,082	0,086	0,084	0,085	0,085	0,085	0,084
19:20:19	37,0	0,870	0,892	0,876	0,968	0,999	1,029	0,092	0,085	0,085	0,086	0,085	0,084	0,844	0,841	0,821	0,910	1,073	0,990	0,086	0,085	0,086	0,084	0,084	0,085	0,876	0,860	0,844	0,894	1,101	1,105	0,084	0,087	0,085	0,086	0,084	0,086	0,878	0,845	0,824	0,893	1,100	0,955	0,088	0,085	0,085	0,086	0,085	0,087	0,888	0,854	0,825	0,890	1,083	1,089	0,085	0,085	0,086	0,085	0,084	0,086	0,900	0,861	0,857	1,083	1,086	1,088	0,086	0,084	0,084	0,084	0,085	0,085	0,878	0,872	0,825	0,909	1,105	1,096	0,085	0,085	0,084	0,085	0,085	0,088	0,909	0,914	0,886	1,000	1,077	1,079	0,086	0,084	0,085	0,085	0,085	0,084
19:30:19	37,0	0,879	0,897	0,878	0,970	1,000	1,026	0,092	0,085	0,085	0,086	0,085	0,084	0,847	0,843	0,823	0,911	1,072	0,990	0,086	0,085	0,086	0,084	0,084	0,085	0,880	0,862	0,846	0,897	1,100	1,102	0,085	0,087	0,085	0,086	0,084	0,086	0,881	0,848	0,825	0,895	1,098	0,955	0,088	0,085	0,085	0,086	0,085	0,087	0,893	0,856	0,827	0,891	1,082	1,087	0,085	0,085	0,086	0,085	0,084	0,086	0,903	0,865	0,858	1,082	1,084	1,087	0,086	0,084	0,084	0,084	0,085	0,085	0,882	0,876	0,826	0,910	1,105	1,094	0,085	0,085	0,084	0,086	0,085	0,088	0,913	0,918	0,888	1,000	1,075	1,077	0,086	0,083	0,085	0,085	0,085	0,084
19:40:19	37,0	0,877	0,897	0,879	0,969	0,998	1,024	0,092	0,085	0,085	0,086	0,085	0,084	0,850	0,846	0,826	0,913	1,071	0,989	0,086	0,085	0,086	0,084	0,084	0,085	0,883	0,865	0,849	0,898	1,097	1,098	0,084	0,087	0,085	0,086	0,084	0,086	0,882	0,851	0,827	0,896	1,096	0,955	0,088	0,085	0,085	0,086	0,085	0,087	0,895	0,859	0,829	0,891	1,081	1,084	0,085	0,085	0,086	0,085	0,084	0,086	0,906	0,867	0,859	1,083	1,082	1,084	0,086	0,084	0,084	0,084	0,085	0,085	0,883	0,879	0,828	0,910	1,102	1,091	0,085	0,085	0,084	0,086	0,085	0,088	0,910	0,919	0,888	1,000	1,073	1,074	0,086	0,084	0,085	0,085	0,085	0,084
19:50:19	37,0	0,880	0,902	0,885	0,975	1,001	1,024	0,092	0,085	0,085	0,086	0,085	0,084	0,851	0,850	0,828	0,914	1,070	0,991	0,086	0,085	0,086	0,084	0,084	0,085	0,890	0,866	0,850	0,900	1,097	1,095	0,084	0,087	0,086	0,086	0,084	0,086	0,888	0,853	0,829	0,898	1,094	0,956	0,088	0,085	0,085	0,086	0,085	0,087	0,902	0,860	0,830	0,892	1,079	1,082	0,085	0,085	0,086	0,085	0,084	0,086	0,909	0,868	0,859	1,083	1,081	1,083	0,086	0,084	0,084	0,084	0,085	0,085	0,887	0,882	0,828	0,911	1,101	1,089	0,086	0,085	0,084	0,086	0,085	0,088	0,918	0,923	0,890	1,000	1,073	1,072	0,086	0,084	0,085	0,085	0,085	0,084
20:00:19	37,0	0,885	0,909	0,886	0,973	0,999	1,022	0,092	0,085	0,085	0,085	0,085	0,084	0,857	0,851	0,828	0,916	1,069	0,990	0,086	0,085	0,086	0,084	0,084	0,085	0,890	0,869	0,852	0,901	1,096	1,092	0,084	0,086	0,085	0,086	0,084	0,086	0,890	0,854	0,831	0,899	1,093	0,955	0,088	0,085	0,085	0,086	0,085	0,087	0,902	0,864	0,831	0,893	1,078	1,080	0,085	0,085	0,086	0,085	0,084	0,086	0,909	0,870	0,861	1,082	1,079	1,081	0,086	0,084	0,084	0,084	0,085	0,085	0,890	0,883	0,828	0,911	1,099	1,086	0,085	0,085	0,084	0,085	0,085	0,088	0,917	0,926	0,892	1,001	1,071	1,071	0,086	0,084	0,085	0,085	0,085	0,084
20:10:19	37,0	0,890	0,909	0,890	0,975	1,000	1,021	0,092	0,085	0,085	0,085	0,085	0,084	0,861	0,852	0,830	0,917	1,069	0,989	0,086	0,085	0,086	0,084	0,084	0,085	0,892	0,871	0,854	0,901	1,095	1,089	0,084	0,087	0,085	0,086	0,084	0,086	0,891	0,856	0,833	0,899	1,091	0,955	0,088	0,085	0,085	0,086	0,084	0,087	0,904	0,866	0,832	0,893	1,077	1,077	0,085	0,085	0,086	0,085	0,084	0,086	0,913	0,873	0,863	1,081	1,077	1,078	0,086	0,084	0,084	0,084	0,085	0,085	0,892	0,885	0,831	0,912	1,097	1,085	0,085	0,085	0,084	0,085	0,085	0,088	0,921	0,927	0,895	1,001	1,070	1,067	0,086	0,084	0,085	0,085	0,085	0,084
20:20:19	37,0	0,889	0,914	0,890	0,975	0,998	1,019	0,092	0,085	0,085	0,086	0,085	0,084	0,865	0,856	0,831	0,918	1,068	0,988	0,086	0,085	0,086	0,084	0,084	0,085	0,892	0,875	0,856	0,900	1,093	1,086	0,084	0,087	0,085	0,086	0,084	0,086	0,894	0,857	0,835	0,898	1,091	0,955	0,088	0,085	0,085	0,086	0,085	0,087	0,904	0,868	0,833	0,893	1,076	1,075	0,085	0,085	0,086	0,085	0,084	0,086	0,912	0,875	0,864	1,081	1,077	1,076	0,086	0,084	0,084	0,084	0,085	0,085	0,894	0,886	0,830	0,912	1,095	1,082	0,085	0,085	0,084	0,086	0,085	0,088	0,920	0,929	0,896	1,001	1,069	1,066	0,086	0,084	0,085	0,085	0,085	0,084
20:30:19	37,0	0,891	0,915	0,893	0,975	0,998	1,018	0,092	0,085	0,085	0,086	0,085	0,084	0,866	0,858	0,835	0,920	1,067	0,988	0,086	0,085	0,086	0,084	0,084	0,085	0,897	0,877	0,858	0,900	1,092	1,083	0,085	0,087	0,085	0,086	0,084	0,086	0,894	0,860	0,836	0,899	1,089	0,954	0,088	0,085	0,085	0,086	0,085	0,087	0,904	0,870	0,833	0,893	1,074	1,072	0,085	0,085	0,086	0,085	0,084	0,086	0,913	0,877	0,865	1,080	1,075	1,074	0,086	0,084	0,084	0,084	0,085	0,085	0,897	0,888	0,831	0,912	1,093	1,080	0,085	0,085	0,084	0,085	0,085	0,088	0,924	0,930	0,897	1,000	1,067	1,064	0,086	0,084	0,085	0,085	0,085	0,084
20:40:19	37,0	0,895	0,917	0,896	0,977	0,998	1,017	0,092	0,085	0,085	0,086	0,085	0,084	0,869	0,860	0,835	0,919	1,065	0,988	0,086	0,085	0,086	0,084	0,084	0,085	0,899	0,878	0,859	0,901	1,090	1,078	0,084	0,087	0,085	0,086	0,084	0,086	0,896	0,861	0,837	0,899	1,086	0,954	0,088	0,085	0,085	0,086	0,085	0,087	0,908	0,870	0,834	0,892	1,073	1,070	0,085	0,085	0,086	0,085	0,084	0,086	0,917	0,879	0,865	1,080	1,073	1,072	0,086	0,084	0,084	0,084	0,085	0,085	0,901	0,892	0,832	0,911	1,091	1,078	0,085	0,085	0,084	0,085	0,085	0,088	0,926	0,933	0,898	1,001	1,065	1,062	0,086	0,083	0,085	0,085	0,085	0,084
20:50:19	37,0	0,897	0,919	0,896	0,976	0,998	1,015	0,092	0,085	0,085	0,085	0,085	0,084	0,870	0,861	0,837	0,920	1,064	0,988	0,086	0,085	0,086	0,084	0,084	0,085	0,900	0,880	0,861	0,901	1,088	1,075	0,084	0,087	0,085	0,086	0,084	0,086	0,899	0,864	0,838	0,899	1,085	0,954	0,088	0,085	0,085	0,086	0,085	0,087	0,907	0,873	0,834	0,893	1,071	1,068	0,085	0,085	0,086	0,085	0,084	0,086	0,917	0,880	0,867	1,079	1,072	1,070	0,086	0,084	0,084	0,084	0,085	0,085	0,901	0,892	0,832	0,911	1,090	1,076	0,085	0,085	0,084	0,085	0,085	0,088	0,927	0,933	0,898	1,000	1,064	1,061	0,086	0,083	0,085	0,085	0,085	0,084
21:00:19	37,0	0,902	0,921	0,898	0,978	0,998	1,014	0,092	0,085	0,085	0,086	0,085	0,084	0,874	0,865	0,838	0,920	1,062	0,987	0,086	0,085	0,086	0,084	0,084	0,085	0,905	0,881	0,863	0,902	1,086	1,073	0,084	0,087	0,085	0,086	0,084	0,086	0,900	0,864	0,839	0,898	1,083	0,952	0,088	0,085	0,085	0,086	0,085	0,087	0,911	0,873	0,836	0,892	1,069	1,066	0,085	0,085	0,086	0,085	0,084	0,086	0,921	0,882	0,867	1,078	1,070	1,069	0,086	0,084	0,084	0,084	0,085	0,085	0,904	0,894	0,833	0,911	1,088	1,075	0,085	0,086	0,084	0,085	0,085	0,088	0,930	0,935	0,901	1,001	1,063	1,059	0,086	0,083	0,085	0,085	0,085	0,084
21:10:19	37,0	0,902	0,923	0,898	0,976	0,996	1,012	0,092	0,085	0,085	0,086	0,085	0,084	0,877	0,865	0,838	0,920	1,062	0,986	0,086	0,085	0,086	0,084	0,084	0,085	0,905	0,884	0,864	0,901	1,085	1,071	0,085	0,087	0,085	0,086	0,084	0,086	0,902	0,866	0,840	0,897	1,081	0,953	0,088	0,085	0,085	0,086	0,085	0,087	0,911	0,876	0,835	0,891	1,067	1,064	0,085	0,085	0,086	0,085	0,084	0,086	0,920	0,884	0,868	1,077	1,069	1,067	0,086	0,084	0,084	0,084	0,085	0,085	0,904	0,896	0,834	0,910	1,086	1,073	0,085	0,085	0,084	0,086	0,085	0,088	0,930	0,934	0,899	1,000	1,062	1,058	0,086	0,083	0,085	0,085	0,085	0,084
21:20:19	37,0	0,906	0,929	0,901	0,977	0,996	1,011	0,092	0,085	0,085	0,086	0,085	0,084	0,878	0,866	0,840	0,919	1,060	0,985	0,086	0,085	0,086	0,084	0,084	0,085	0,906	0,885	0,864	0,900	1,083	1,069	0,085	0,086	0,085	0,086	0,084	0,086	0,904	0,868	0,840	0,896	1,079	0,952	0,087	0,085	0,085	0,086	0,085	0,087	0,911	0,877	0,836	0,891	1,066	1,062	0,085	0,085	0,086	0,085	0,084	0,086	0,922	0,885	0,868	1,076	1,067	1,065	0,086	0,084	0,084	0,084	0,085	0,085	0,906	0,897	0,834	0,910	1,084	1,071	0,085	0,085	0,084	0,085	0,085	0,088	0,930	0,935	0,901	1,000	1,060	1,056	0,086	0,084	0,085	0,084	0,085	0,084
21:30:19	37,0	0,906	0,927	0,900	0,977	0,995	1,010	0,092	0,085	0,085	0,085	0,085	0,084	0,879	0,868	0,841	0,919	1,058	0,984	0,086	0,085	0,086	0,084	0,084	0,085	0,907	0,886	0,865	0,900	1,080	1,067	0,084	0,087	0,085	0,086	0,084	0,086	0,902	0,871	0,841	0,895	1,077	0,951	0,088	0,085	0,085	0,086	0,084	0,087	0,912	0,878	0,836	0,890	1,064	1,060	0,085	0,085	0,086	0,085	0,084	0,086	0,923	0,886	0,868	1,075	1,065	1,064	0,086	0,084	0,084	0,084	0,085	0,085	0,908	0,898	0,834	0,909	1,083	1,069	0,085	0,085	0,084	0,086	0,085	0,088	0,932	0,937	0,901	0,999	1,059	1,055	0,086	0,084	0,085	0,085	0,085	0,084
21:40:19	37,0	0,907	0,931	0,902	0,976	0,995	1,009	0,092	0,085	0,085	0,086	0,085	0,084	0,882	0,870	0,842	0,918	1,056	0,983	0,086	0,085	0,086	0,084	0,084	0,085	0,910	0,887	0,866	0,900	1,078	1,065	0,085	0,087	0,085	0,086	0,084	0,086	0,903	0,871	0,840	0,896	1,075	0,951	0,088	0,085	0,085	0,085	0,085	0,087	0,915	0,878	0,837	0,889	1,062	1,057	0,085	0,085	0,086	0,085	0,084	0,086	0,924	0,888	0,868	1,074	1,064	1,063	0,086	0,084	0,084	0,084	0,085	0,085	0,909	0,899	0,835	0,909	1,081	1,068	0,085	0,085	0,084	0,085	0,085	0,088	0,933	0,938	0,901	0,999	1,057	1,054	0,086	0,084	0,085	0,085	0,085	0,084
21:50:19	36,9	0,909	0,930	0,902	0,975	0,993	1,007	0,092	0,085	0,085	0,085	0,085	0,084	0,882	0,871	0,842	0,917	1,056	0,982	0,086	0,085	0,086	0,084	0,084	0,085	0,910	0,889	0,866	0,898	1,076	1,064	0,084	0,087	0,085	0,086	0,084	0,086	0,903	0,872	0,841	0,895	1,074	0,950	0,087	0,085	0,085	0,086	0,085	0,087	0,914	0,881	0,837	0,889	1,061	1,055	0,085	0,085	0,086	0,085	0,084	0,086	0,922	0,888	0,869	1,073	1,062	1,060	0,086	0,084	0,084	0,084	0,085	0,085	0,910	0,900	0,835	0,909	1,079	1,066	0,085	0,085	0,084	0,085	0,085	0,088	0,934	0,937	0,898	0,999	1,054	1,052	0,085	0,083	0,085	0,084	0,085	0,084
22:00:19	37,0	0,911	0,935	0,901	0,975	0,992	1,005	0,092	0,085	0,085	0,086	0,085	0,084	0,884	0,873	0,843	0,917	1,053	0,981	0,086	0,085	0,086	0,084	0,084	0,085	0,911	0,890	0,867	0,898	1,075	1,063	0,085	0,087	0,085	0,086	0,084	0,086	0,907	0,873	0,841	0,894	1,072	0,950	0,088	0,085	0,085	0,086	0,085	0,087	0,916	0,881	0,837	0,888	1,059	1,054	0,085	0,085	0,086	0,085	0,084	0,086	0,924	0,889	0,870	1,073	1,061	1,059	0,086	0,084	0,084	0,084	0,085	0,085	0,910	0,900	0,835	0,909	1,078	1,064	0,085	0,085	0,084	0,086	0,085	0,088	0,934	0,938	0,899	0,999	1,051	1,051	0,086	0,084	0,085	0,084	0,085	0,084
22:10:19	36,9	0,917	0,934	0,902	0,975	0,991	1,004	0,092	0,085	0,085	0,086	0,085	0,084	0,885	0,874	0,843	0,916	1,051	0,981	0,086	0,085	0,086	0,084	0,084	0,085	0,915	0,891	0,866	0,896	1,073	1,061	0,084	0,087	0,085	0,086	0,084	0,086	0,908	0,874	0,841	0,893	1,069	0,950	0,088	0,085	0,085	0,086	0,084	0,087	0,917	0,881	0,837	0,887	1,058	1,053	0,085	0,085	0,086	0,084	0,084	0,086	0,928	0,890	0,869	1,072	1,059	1,058	0,086	0,084	0,084	0,084	0,085	0,085	0,912	0,901	0,835	0,908	1,076	1,063	0,086	0,085	0,084	0,086	0,085	0,088	0,938	0,937	0,899	0,998	1,050	1,050	0,086	0,084	0,085	0,085	0,085	0,084
22:20:19	37,0	0,910	0,932	0,899	0,973	0,989	1,002	0,092	0,085	0,085	0,085	0,085	0,084	0,884	0,874	0,844	0,915	1,050	0,979	0,086	0,085	0,086	0,084	0,084	0,085	0,912	0,893	0,867	0,896	1,071	1,060	0,084	0,087	0,085	0,086	0,084	0,086	0,908	0,875	0,842	0,892	1,068	0,949	0,088	0,085	0,085	0,086	0,085	0,087	0,918	0,882	0,837	0,886	1,057	1,051	0,085	0,085	0,086	0,085	0,084	0,086	0,926	0,891	0,869	1,071	1,058	1,057	0,086	0,084	0,084	0,084	0,085	0,085	0,913	0,899	0,834	0,908	1,074	1,061	0,085	0,085	0,084	0,085	0,085	0,088	0,936	0,936	0,895	0,997	1,048	1,049	0,086	0,084	0,085	0,085	0,085	0,084
22:30:19	37,0	0,920	0,933	0,898	0,973	0,988	1,001	0,092	0,085	0,085	0,086	0,085	0,084	0,886	0,876	0,844	0,913	1,048	0,977	0,086	0,085	0,086	0,084	0,084	0,085	0,913	0,894	0,867	0,894	1,069	1,060	0,084	0,087	0,085	0,086	0,084	0,086	0,910	0,876	0,842	0,891	1,066	0,948	0,088	0,085	0,085	0,086	0,084	0,087	0,920	0,883	0,837	0,885	1,055	1,050	0,085	0,085	0,086	0,085	0,084	0,086	0,926	0,891	0,870	1,068	1,056	1,056	0,086	0,084	0,084	0,084	0,085	0,085	0,912	0,900	0,834	0,907	1,072	1,059	0,085	0,085	0,084	0,085	0,085	0,088	0,939	0,937	0,894	0,997	1,047	1,048	0,086	0,084	0,085	0,085	0,085	0,084
22:40:19	37,0	0,913	0,928	0,892	0,969	0,985	0,998	0,092	0,085	0,085	0,085	0,085	0,084	0,885	0,876	0,844	0,912	1,046	0,975	0,086	0,085	0,086	0,084	0,084	0,085	0,910	0,895	0,866	0,894	1,066	1,057	0,084	0,087	0,085	0,086	0,084	0,086	0,912	0,876	0,842	0,890	1,063	0,946	0,088	0,085	0,085	0,086	0,085	0,087	0,919	0,882	0,837	0,883	1,053	1,049	0,085	0,085	0,086	0,085	0,084	0,086	0,928	0,892	0,870	1,068	1,054	1,054	0,086	0,084	0,084	0,084	0,085	0,085	0,911	0,902	0,835	0,906	1,072	1,059	0,085	0,085	0,084	0,085	0,085	0,088	0,936	0,935	0,892	0,995	1,045	1,047	0,086	0,084	0,085	0,085	0,085	0,084
22:50:19	37,0	0,911	0,931	0,893	0,971	0,984	0,998	0,092	0,085	0,085	0,085	0,085	0,084	0,889	0,879	0,845	0,912	1,044	0,974	0,086	0,085	0,086	0,084	0,084	0,085	0,912	0,897	0,867	0,892	1,065	1,056	0,084	0,087	0,085	0,086	0,084	0,086	0,914	0,877	0,842	0,889	1,063	0,946	0,087	0,085	0,085	0,086	0,085	0,087	0,923	0,884	0,836	0,881	1,051	1,048	0,085	0,085	0,086	0,085	0,084	0,086	0,927	0,892	0,869	1,067	1,053	1,053	0,086	0,084	0,084	0,084	0,085	0,085	0,911	0,900	0,835	0,906	1,071	1,058	0,085	0,085	0,084	0,085	0,085	0,088	0,939	0,936	0,890	0,995	1,044	1,046	0,086	0,083	0,085	0,085	0,085	0,084
23:00:19	37,0	0,915	0,933	0,895	0,970	0,984	0,997	0,092	0,085	0,085	0,085	0,085	0,084	0,888	0,880	0,845	0,911	1,043	0,974	0,086	0,085	0,086	0,084	0,084	0,085	0,915	0,897	0,867	0,891	1,064	1,056	0,084	0,086	0,085	0,086	0,084	0,086	0,916	0,877	0,841	0,888	1,061	0,946	0,088	0,085	0,085	0,086	0,085	0,087	0,923	0,884	0,836	0,881	1,051	1,047	0,085	0,085	0,086	0,085	0,084	0,086	0,926	0,892	0,868	1,066	1,051	1,053	0,086	0,084	0,084	0,084	0,085	0,085	0,913	0,901	0,834	0,905	1,069	1,058	0,085	0,085	0,084	0,086	0,085	0,088	0,939	0,936	0,890	0,995	1,044	1,046	0,086	0,084	0,085	0,085	0,085	0,084
23:10:19	37,0	0,910	0,931	0,893	0,969	0,981	0,995	0,092	0,085	0,085	0,086	0,085	0,084	0,891	0,879	0,844	0,910	1,042	0,972	0,086	0,085	0,086	0,084	0,084	0,085	0,916	0,898	0,867	0,889	1,062	1,055	0,084	0,087	0,085	0,086	0,084	0,086	0,914	0,876	0,840	0,887	1,060	0,946	0,088	0,085	0,085	0,086	0,085	0,087	0,925	0,884	0,835	0,879	1,050	1,046	0,085	0,085	0,086	0,085	0,084	0,086	0,927	0,893	0,868	1,066	1,050	1,052	0,086	0,084	0,084	0,084	0,085	0,085	0,912	0,903	0,833	0,905	1,069	1,056	0,085	0,085	0,084	0,086	0,085	0,088	0,940	0,935	0,889	0,994	1,042	1,045	0,086	0,084	0,085	0,085	0,085	0,084
23:20:19	37,0	0,917	0,935	0,894	0,969	0,981	0,995	0,092	0,085	0,085	0,086	0,085	0,084	0,894	0,880	0,843	0,908	1,041	0,972	0,086	0,085	0,086	0,084	0,084	0,085	0,913	0,899	0,867	0,888	1,061	1,055	0,085	0,087	0,085	0,086	0,084	0,086	0,916	0,877	0,840	0,887	1,059	0,946	0,088	0,085	0,085	0,086	0,085	0,087	0,925	0,884	0,835	0,879	1,048	1,046	0,085	0,085	0,087	0,085	0,084	0,086	0,929	0,893	0,867	1,064	1,050	1,052	0,086	0,084	0,084	0,084	0,085	0,085	0,914	0,901	0,833	0,905	1,067	1,056	0,086	0,085	0,084	0,086	0,085	0,088	0,938	0,936	0,888	0,994	1,041	1,045	0,086	0,084	0,085	0,085	0,085	0,084
23:30:19	37,0	0,918	0,934	0,892	0,967	0,979	0,994	0,092	0,085	0,085	0,086	0,085	0,084	0,890	0,880	0,842	0,906	1,039	0,971	0,086	0,085	0,086	0,084	0,084	0,085	0,917	0,898	0,866	0,887	1,060	1,055	0,085	0,087	0,086	0,086	0,084	0,086	0,913	0,877	0,840	0,886	1,057	0,945	0,088	0,085	0,085	0,086	0,085	0,087	0,927	0,884	0,835	0,878	1,048	1,045	0,085	0,085	0,086	0,085	0,084	0,086	0,926	0,893	0,866	1,063	1,048	1,051	0,086	0,084	0,084	0,085	0,085	0,085	0,915	0,902	0,832	0,905	1,066	1,055	0,086	0,085	0,084	0,086	0,085	0,088	0,940	0,935	0,889	0,993	1,041	1,044	0,086	0,084	0,085	0,085	0,085	0,084
23:40:19	36,9	0,926	0,941	0,898	0,970	0,981	0,994	0,092	0,085	0,085	0,086	0,085	0,084	0,897	0,881	0,842	0,906	1,038	0,972	0,086	0,085	0,086	0,084	0,084	0,085	0,918	0,894	0,866	0,888	1,060	1,054	0,085	0,086	0,085	0,086	0,084	0,086	0,915	0,877	0,838	0,886	1,057	0,946	0,088	0,085	0,085	0,086	0,085	0,087	0,924	0,883	0,833	0,878	1,048	1,044	0,085	0,085	0,086	0,085	0,084	0,086	0,928	0,891	0,865	1,063	1,049	1,050	0,086	0,084	0,084	0,084	0,085	0,085	0,916	0,903	0,831	0,904	1,066	1,056	0,085	0,085	0,084	0,086	0,085	0,088	0,944	0,937	0,890	0,994	1,040	1,043	0,086	0,084	0,085	0,085	0,085	0,084
23:50:19	37,0	0,927	0,942	0,898	0,970	0,980	0,994	0,092	0,085	0,085	0,086	0,085	0,084	0,896	0,880	0,842	0,906	1,036	0,971	0,086	0,085	0,086	0,084	0,084	0,085	0,920	0,898	0,866	0,887	1,059	1,054	0,085	0,087	0,085	0,086	0,084	0,086	0,918	0,877	0,837	0,885	1,056	0,946	0,088	0,085	0,085	0,086	0,085	0,087	0,926	0,881	0,832	0,878	1,046	1,044	0,085	0,085	0,086	0,085	0,084	0,086	0,932	0,892	0,863	1,061	1,049	1,050	0,086	0,084	0,084	0,084	0,085	0,085	0,917	0,903	0,830	0,904	1,066	1,056	0,086	0,085	0,084	0,085	0,085	0,088	0,944	0,936	0,890	0,994	1,039	1,040	0,086	0,084	0,085	0,085	0,085	0,084
24:00:19	37,0	0,925	0,940	0,894	0,967	0,977	0,993	0,092	0,085	0,085	0,086	0,085	0,084	0,897	0,880	0,843	0,906	1,035	0,969	0,086	0,085	0,086	0,084	0,084	0,085	0,921	0,898	0,865	0,888	1,058	1,055	0,085	0,087	0,085	0,086	0,084	0,086	0,917	0,877	0,837	0,884	1,055	0,946	0,088	0,085	0,085	0,086	0,085	0,087	0,926	0,883	0,831	0,877	1,046	1,043	0,085	0,086	0,086	0,085	0,084	0,086	0,933	0,892	0,864	1,060	1,048	1,050	0,086	0,084	0,084	0,084	0,085	0,085	0,917	0,902	0,829	0,905	1,064	1,055	0,086	0,085	0,084	0,086	0,085	0,088	0,945	0,934	0,888	0,993	1,038	1,040	0,086	0,084	0,085	0,085	0,085	0,084