Time	TOpticalDensity600	A1	A2	A3	A4	A5	A6	A7	A8	A9	A10	A11	A12	B1	B2	B3	B4	B5	B6	B7	B8	B9	B10	B11	B12	C1	C2	C3	C4	C5	C6	C7	C8	C9	C10	C11	C12	D1	D2	D3	D4	D5	D6	D7	D8	D9	D10	D11	D12	E1	E2	E3	E4	E5	E6	E7	E8	E9	E10	E11	E12	F1	F2	F3	F4	F5	F6	F7	F8	F9	F10	F11	F12	G1	G2	G3	G4	G5	G6	G7	G8	G9	G10	G11	G12	H1	H2	H3	H4	H5	H6	H7	H8	H9	H10	H11	H12
0:00:19	37,0	0,092	0,092	0,092	0,093	0,092	0,093	0,091	0,089	0,091	0,088	0,090	0,089	0,091	0,093	0,092	0,091	0,093	0,090	0,090	0,090	0,092	0,091	0,090	0,089	0,091	0,093	0,091	0,092	0,090	0,089	0,089	0,091	0,092	0,092	0,088	0,088	0,089	0,092	0,090	0,091	0,090	0,090	0,096	0,092	0,092	0,090	0,089	0,090	0,092	0,090	0,088	0,090	0,090	0,093	0,089	0,091	0,090	0,089	0,089	0,090	0,092	0,093	0,089	0,089	0,091	0,090	0,090	0,090	0,090	0,089	0,089	0,089	0,091	0,093	0,090	0,090	0,091	0,090	0,090	0,091	0,089	0,091	0,089	0,089	0,091	0,089	0,089	0,090	0,090	0,089	0,091	0,090	0,090	0,092	0,089	0,089
0:10:19	37,0	0,091	0,092	0,092	0,092	0,092	0,093	0,091	0,089	0,092	0,089	0,090	0,089	0,091	0,093	0,092	0,091	0,093	0,090	0,091	0,090	0,092	0,090	0,090	0,089	0,091	0,093	0,091	0,092	0,090	0,089	0,089	0,091	0,092	0,091	0,088	0,088	0,089	0,092	0,090	0,091	0,090	0,090	0,096	0,092	0,092	0,090	0,089	0,090	0,092	0,090	0,088	0,090	0,090	0,092	0,089	0,091	0,090	0,089	0,089	0,090	0,092	0,093	0,089	0,089	0,091	0,090	0,090	0,090	0,089	0,089	0,089	0,089	0,091	0,093	0,090	0,090	0,091	0,090	0,090	0,090	0,089	0,091	0,089	0,089	0,091	0,089	0,089	0,090	0,089	0,089	0,091	0,090	0,090	0,092	0,089	0,089
0:20:19	37,0	0,091	0,092	0,092	0,093	0,092	0,093	0,092	0,090	0,092	0,089	0,090	0,090	0,091	0,093	0,092	0,091	0,093	0,091	0,091	0,090	0,092	0,091	0,090	0,089	0,091	0,093	0,091	0,092	0,090	0,090	0,089	0,091	0,092	0,092	0,088	0,088	0,089	0,092	0,090	0,091	0,090	0,090	0,096	0,092	0,092	0,090	0,089	0,090	0,092	0,090	0,088	0,090	0,090	0,093	0,089	0,091	0,091	0,089	0,089	0,090	0,092	0,093	0,089	0,089	0,091	0,090	0,090	0,090	0,090	0,089	0,089	0,089	0,091	0,093	0,090	0,090	0,091	0,090	0,090	0,091	0,090	0,091	0,089	0,089	0,091	0,089	0,089	0,090	0,090	0,089	0,091	0,090	0,090	0,092	0,089	0,089
0:30:19	37,0	0,092	0,093	0,092	0,093	0,092	0,093	0,092	0,091	0,092	0,089	0,090	0,090	0,092	0,093	0,092	0,092	0,093	0,091	0,091	0,091	0,092	0,091	0,090	0,090	0,091	0,093	0,091	0,092	0,090	0,090	0,089	0,092	0,093	0,092	0,089	0,089	0,089	0,092	0,090	0,092	0,090	0,090	0,096	0,093	0,092	0,091	0,089	0,090	0,092	0,090	0,088	0,090	0,090	0,093	0,089	0,092	0,091	0,090	0,089	0,090	0,092	0,093	0,089	0,090	0,091	0,091	0,090	0,091	0,090	0,089	0,089	0,089	0,091	0,093	0,090	0,090	0,091	0,090	0,090	0,091	0,090	0,091	0,089	0,089	0,091	0,089	0,090	0,090	0,090	0,090	0,091	0,091	0,090	0,092	0,089	0,089
0:40:19	37,0	0,092	0,093	0,093	0,094	0,093	0,094	0,093	0,092	0,094	0,090	0,091	0,091	0,092	0,094	0,093	0,093	0,094	0,092	0,092	0,092	0,094	0,092	0,091	0,091	0,092	0,094	0,092	0,093	0,091	0,091	0,090	0,094	0,094	0,093	0,090	0,090	0,090	0,093	0,091	0,092	0,091	0,091	0,097	0,094	0,093	0,092	0,090	0,091	0,093	0,091	0,089	0,091	0,091	0,094	0,090	0,093	0,092	0,091	0,090	0,092	0,093	0,093	0,090	0,091	0,092	0,092	0,091	0,092	0,091	0,090	0,090	0,090	0,092	0,094	0,091	0,091	0,092	0,091	0,091	0,092	0,091	0,092	0,090	0,090	0,091	0,090	0,090	0,091	0,091	0,091	0,092	0,092	0,091	0,093	0,090	0,091
0:50:19	37,0	0,094	0,095	0,095	0,096	0,094	0,096	0,094	0,094	0,096	0,092	0,092	0,092	0,093	0,095	0,094	0,094	0,095	0,093	0,093	0,094	0,095	0,094	0,092	0,092	0,092	0,095	0,093	0,094	0,092	0,092	0,092	0,096	0,096	0,094	0,091	0,091	0,091	0,094	0,092	0,094	0,092	0,092	0,098	0,096	0,095	0,093	0,091	0,092	0,094	0,092	0,090	0,092	0,092	0,096	0,091	0,095	0,094	0,092	0,091	0,093	0,094	0,095	0,091	0,092	0,093	0,093	0,092	0,094	0,093	0,092	0,091	0,091	0,093	0,095	0,092	0,092	0,093	0,093	0,092	0,094	0,093	0,093	0,091	0,091	0,093	0,091	0,091	0,092	0,092	0,092	0,093	0,094	0,093	0,095	0,091	0,092
1:00:19	37,0	0,095	0,097	0,096	0,098	0,096	0,098	0,096	0,097	0,098	0,094	0,094	0,093	0,095	0,097	0,096	0,096	0,097	0,095	0,095	0,097	0,098	0,096	0,093	0,093	0,094	0,096	0,095	0,096	0,093	0,093	0,093	0,098	0,098	0,096	0,092	0,092	0,092	0,096	0,094	0,096	0,094	0,094	0,100	0,099	0,098	0,095	0,092	0,093	0,095	0,094	0,091	0,094	0,094	0,097	0,093	0,098	0,096	0,093	0,092	0,095	0,096	0,097	0,092	0,094	0,094	0,095	0,094	0,097	0,095	0,093	0,092	0,093	0,094	0,097	0,094	0,094	0,094	0,095	0,094	0,096	0,095	0,095	0,092	0,093	0,094	0,092	0,093	0,094	0,093	0,094	0,095	0,097	0,096	0,096	0,093	0,093
1:10:19	37,0	0,097	0,100	0,099	0,101	0,098	0,101	0,099	0,102	0,102	0,097	0,096	0,096	0,097	0,100	0,099	0,099	0,099	0,098	0,098	0,102	0,102	0,099	0,095	0,096	0,096	0,100	0,098	0,099	0,096	0,096	0,096	0,103	0,102	0,099	0,094	0,095	0,095	0,099	0,097	0,099	0,097	0,097	0,103	0,103	0,102	0,098	0,095	0,096	0,097	0,097	0,094	0,097	0,096	0,101	0,096	0,103	0,100	0,096	0,094	0,097	0,098	0,100	0,094	0,097	0,097	0,098	0,097	0,101	0,099	0,096	0,094	0,096	0,097	0,099	0,096	0,097	0,097	0,098	0,097	0,100	0,099	0,097	0,095	0,096	0,096	0,095	0,095	0,097	0,096	0,097	0,098	0,101	0,100	0,099	0,095	0,096
1:20:19	37,0	0,100	0,104	0,102	0,105	0,102	0,105	0,103	0,108	0,108	0,100	0,099	0,099	0,099	0,104	0,102	0,103	0,102	0,101	0,102	0,108	0,108	0,102	0,098	0,099	0,099	0,103	0,102	0,103	0,099	0,100	0,100	0,110	0,108	0,102	0,097	0,098	0,098	0,102	0,101	0,102	0,100	0,101	0,107	0,109	0,108	0,101	0,097	0,099	0,101	0,101	0,097	0,100	0,100	0,104	0,100	0,109	0,104	0,099	0,097	0,101	0,101	0,103	0,097	0,101	0,100	0,102	0,100	0,107	0,104	0,099	0,097	0,100	0,099	0,102	0,099	0,100	0,100	0,102	0,101	0,106	0,104	0,100	0,097	0,099	0,099	0,098	0,098	0,100	0,099	0,101	0,102	0,107	0,105	0,103	0,098	0,099
1:30:19	37,0	0,104	0,110	0,108	0,111	0,107	0,111	0,109	0,118	0,116	0,105	0,103	0,104	0,104	0,110	0,108	0,109	0,107	0,105	0,108	0,117	0,117	0,107	0,102	0,103	0,103	0,109	0,107	0,108	0,104	0,105	0,106	0,119	0,117	0,107	0,100	0,102	0,102	0,108	0,106	0,108	0,105	0,107	0,114	0,119	0,116	0,106	0,101	0,104	0,105	0,107	0,102	0,106	0,104	0,110	0,105	0,118	0,112	0,104	0,101	0,106	0,105	0,110	0,102	0,106	0,104	0,107	0,106	0,115	0,112	0,104	0,100	0,104	0,104	0,108	0,104	0,105	0,104	0,108	0,106	0,114	0,112	0,105	0,101	0,104	0,103	0,103	0,102	0,104	0,104	0,106	0,108	0,117	0,113	0,107	0,101	0,103
1:40:19	37,0	0,110	0,119	0,116	0,119	0,115	0,120	0,117	0,132	0,128	0,112	0,108	0,110	0,109	0,118	0,116	0,117	0,114	0,113	0,116	0,131	0,129	0,114	0,107	0,110	0,109	0,117	0,115	0,116	0,110	0,112	0,114	0,131	0,129	0,113	0,106	0,108	0,108	0,116	0,114	0,116	0,113	0,114	0,123	0,132	0,128	0,113	0,107	0,110	0,112	0,116	0,109	0,113	0,111	0,118	0,113	0,130	0,123	0,111	0,106	0,113	0,111	0,119	0,108	0,114	0,111	0,116	0,114	0,127	0,122	0,110	0,105	0,111	0,110	0,115	0,111	0,112	0,111	0,116	0,114	0,127	0,123	0,111	0,106	0,111	0,109	0,110	0,109	0,111	0,112	0,114	0,116	0,130	0,125	0,114	0,106	0,110
1:50:19	36,9	0,119	0,131	0,127	0,131	0,124	0,132	0,129	0,147	0,143	0,120	0,115	0,118	0,118	0,130	0,128	0,128	0,123	0,123	0,128	0,145	0,144	0,123	0,115	0,117	0,117	0,129	0,127	0,126	0,119	0,122	0,124	0,142	0,141	0,122	0,113	0,116	0,116	0,128	0,125	0,125	0,122	0,125	0,135	0,146	0,139	0,122	0,114	0,118	0,121	0,128	0,119	0,122	0,119	0,128	0,123	0,140	0,134	0,119	0,113	0,122	0,120	0,131	0,117	0,124	0,120	0,125	0,124	0,137	0,135	0,118	0,112	0,120	0,119	0,126	0,121	0,122	0,120	0,128	0,125	0,141	0,137	0,119	0,113	0,120	0,117	0,119	0,118	0,120	0,121	0,126	0,127	0,146	0,140	0,123	0,114	0,117
2:00:19	37,0	0,131	0,142	0,141	0,144	0,136	0,145	0,142	0,163	0,159	0,133	0,125	0,130	0,130	0,142	0,140	0,140	0,136	0,136	0,141	0,159	0,158	0,135	0,124	0,129	0,130	0,140	0,138	0,135	0,130	0,131	0,134	0,163	0,157	0,133	0,122	0,127	0,128	0,140	0,134	0,135	0,130	0,134	0,143	0,163	0,156	0,133	0,124	0,129	0,134	0,140	0,129	0,132	0,129	0,138	0,133	0,158	0,148	0,129	0,123	0,134	0,132	0,145	0,129	0,133	0,130	0,136	0,136	0,153	0,149	0,130	0,122	0,132	0,132	0,140	0,135	0,134	0,132	0,140	0,139	0,155	0,152	0,130	0,122	0,131	0,129	0,133	0,131	0,132	0,134	0,138	0,142	0,160	0,156	0,135	0,123	0,128
2:10:19	37,0	0,144	0,156	0,154	0,156	0,150	0,157	0,155	0,182	0,175	0,144	0,138	0,142	0,141	0,155	0,153	0,151	0,148	0,148	0,154	0,177	0,173	0,146	0,138	0,143	0,142	0,155	0,152	0,146	0,142	0,143	0,149	0,183	0,177	0,145	0,135	0,140	0,140	0,154	0,147	0,146	0,142	0,146	0,160	0,185	0,175	0,145	0,136	0,139	0,146	0,154	0,140	0,144	0,141	0,151	0,147	0,178	0,167	0,140	0,135	0,146	0,146	0,158	0,139	0,145	0,142	0,149	0,149	0,173	0,167	0,140	0,134	0,144	0,146	0,154	0,146	0,145	0,143	0,152	0,150	0,172	0,167	0,141	0,134	0,143	0,144	0,147	0,144	0,143	0,146	0,150	0,156	0,178	0,172	0,148	0,136	0,140
2:20:19	37,0	0,158	0,171	0,168	0,173	0,167	0,175	0,168	0,209	0,200	0,157	0,151	0,154	0,156	0,171	0,169	0,166	0,164	0,162	0,168	0,202	0,198	0,159	0,150	0,155	0,156	0,170	0,168	0,165	0,159	0,159	0,166	0,209	0,200	0,153	0,148	0,153	0,154	0,170	0,163	0,163	0,157	0,161	0,178	0,207	0,198	0,158	0,150	0,153	0,162	0,168	0,156	0,158	0,155	0,168	0,161	0,205	0,189	0,153	0,148	0,160	0,161	0,172	0,154	0,161	0,158	0,166	0,164	0,197	0,190	0,152	0,146	0,158	0,161	0,169	0,161	0,161	0,157	0,169	0,166	0,197	0,189	0,153	0,146	0,158	0,158	0,161	0,158	0,159	0,161	0,166	0,171	0,204	0,195	0,160	0,150	0,153
2:30:19	37,0	0,173	0,191	0,188	0,192	0,187	0,196	0,190	0,240	0,231	0,171	0,165	0,170	0,170	0,192	0,190	0,187	0,183	0,181	0,190	0,236	0,229	0,172	0,164	0,169	0,172	0,191	0,187	0,185	0,176	0,182	0,182	0,241	0,231	0,169	0,161	0,167	0,169	0,192	0,183	0,183	0,177	0,184	0,199	0,238	0,231	0,170	0,163	0,168	0,178	0,190	0,175	0,179	0,173	0,189	0,179	0,237	0,218	0,167	0,163	0,175	0,177	0,193	0,171	0,180	0,175	0,188	0,183	0,228	0,219	0,165	0,161	0,173	0,177	0,186	0,180	0,179	0,174	0,191	0,185	0,229	0,218	0,167	0,159	0,172	0,173	0,178	0,174	0,175	0,180	0,187	0,191	0,235	0,225	0,173	0,162	0,169
2:40:19	37,0	0,192	0,216	0,210	0,216	0,213	0,225	0,213	0,269	0,261	0,191	0,181	0,190	0,189	0,219	0,215	0,215	0,208	0,207	0,214	0,270	0,259	0,190	0,180	0,188	0,191	0,215	0,209	0,212	0,200	0,203	0,209	0,273	0,263	0,189	0,177	0,186	0,189	0,216	0,209	0,212	0,203	0,213	0,223	0,265	0,260	0,188	0,176	0,189	0,198	0,219	0,199	0,203	0,197	0,218	0,202	0,269	0,252	0,185	0,177	0,197	0,196	0,220	0,192	0,207	0,199	0,215	0,208	0,261	0,251	0,184	0,175	0,192	0,196	0,208	0,202	0,204	0,200	0,218	0,210	0,261	0,251	0,185	0,174	0,192	0,193	0,201	0,196	0,198	0,204	0,213	0,216	0,267	0,258	0,192	0,179	0,188
2:50:19	37,0	0,216	0,245	0,239	0,251	0,246	0,255	0,240	0,290	0,285	0,216	0,203	0,214	0,214	0,246	0,244	0,246	0,239	0,235	0,240	0,288	0,290	0,216	0,203	0,213	0,218	0,245	0,235	0,241	0,229	0,236	0,234	0,297	0,289	0,213	0,198	0,210	0,215	0,243	0,243	0,241	0,232	0,244	0,251	0,291	0,291	0,209	0,197	0,214	0,224	0,249	0,228	0,233	0,225	0,247	0,227	0,291	0,280	0,209	0,199	0,225	0,222	0,250	0,218	0,236	0,229	0,246	0,235	0,287	0,282	0,207	0,197	0,216	0,222	0,236	0,231	0,235	0,228	0,252	0,237	0,289	0,283	0,208	0,196	0,216	0,217	0,229	0,223	0,229	0,235	0,244	0,245	0,291	0,289	0,215	0,200	0,211
3:00:19	37,0	0,244	0,272	0,266	0,275	0,277	0,286	0,267	0,302	0,298	0,239	0,228	0,241	0,241	0,277	0,272	0,276	0,269	0,266	0,267	0,301	0,301	0,240	0,229	0,238	0,244	0,274	0,270	0,273	0,256	0,269	0,257	0,306	0,300	0,237	0,222	0,235	0,246	0,270	0,274	0,267	0,259	0,273	0,281	0,305	0,305	0,234	0,220	0,243	0,254	0,281	0,257	0,261	0,252	0,272	0,252	0,306	0,294	0,231	0,223	0,255	0,249	0,281	0,242	0,265	0,256	0,275	0,259	0,298	0,296	0,231	0,219	0,241	0,250	0,267	0,258	0,265	0,257	0,282	0,262	0,302	0,294	0,234	0,220	0,241	0,246	0,259	0,251	0,263	0,263	0,273	0,273	0,302	0,302	0,240	0,225	0,235
3:10:19	37,0	0,273	0,282	0,283	0,294	0,298	0,302	0,284	0,313	0,313	0,263	0,256	0,270	0,267	0,292	0,293	0,297	0,293	0,292	0,283	0,313	0,318	0,265	0,256	0,263	0,274	0,289	0,290	0,295	0,278	0,291	0,274	0,321	0,314	0,262	0,249	0,262	0,278	0,282	0,297	0,290	0,280	0,294	0,305	0,321	0,316	0,259	0,246	0,274	0,282	0,305	0,282	0,287	0,275	0,293	0,271	0,316	0,305	0,256	0,248	0,281	0,274	0,298	0,263	0,288	0,279	0,294	0,279	0,312	0,307	0,256	0,245	0,265	0,277	0,294	0,281	0,290	0,278	0,299	0,282	0,316	0,308	0,260	0,245	0,265	0,272	0,283	0,270	0,292	0,285	0,293	0,293	0,315	0,313	0,266	0,252	0,261
3:20:19	37,0	0,285	0,299	0,299	0,305	0,311	0,315	0,292	0,325	0,324	0,285	0,284	0,292	0,284	0,305	0,308	0,309	0,305	0,303	0,297	0,325	0,328	0,288	0,283	0,291	0,287	0,299	0,303	0,309	0,288	0,302	0,286	0,337	0,329	0,284	0,273	0,286	0,290	0,293	0,311	0,305	0,292	0,305	0,321	0,337	0,325	0,278	0,273	0,300	0,297	0,315	0,295	0,299	0,286	0,306	0,281	0,329	0,315	0,276	0,271	0,298	0,291	0,310	0,271	0,301	0,289	0,305	0,287	0,325	0,320	0,277	0,268	0,282	0,291	0,306	0,290	0,300	0,289	0,311	0,292	0,330	0,322	0,279	0,268	0,277	0,288	0,291	0,278	0,305	0,295	0,306	0,302	0,328	0,326	0,287	0,276	0,280
3:30:19	37,0	0,295	0,313	0,315	0,320	0,324	0,326	0,306	0,338	0,338	0,292	0,297	0,304	0,293	0,313	0,319	0,321	0,318	0,316	0,307	0,338	0,339	0,298	0,297	0,303	0,299	0,308	0,316	0,321	0,299	0,314	0,299	0,347	0,344	0,293	0,287	0,296	0,302	0,303	0,327	0,317	0,305	0,317	0,333	0,348	0,337	0,290	0,290	0,311	0,315	0,325	0,306	0,313	0,297	0,318	0,288	0,342	0,328	0,287	0,284	0,309	0,305	0,323	0,281	0,312	0,303	0,318	0,298	0,338	0,332	0,288	0,279	0,293	0,302	0,313	0,300	0,313	0,302	0,325	0,304	0,347	0,334	0,292	0,284	0,285	0,300	0,302	0,288	0,317	0,308	0,316	0,314	0,341	0,343	0,296	0,287	0,294
3:40:19	37,0	0,303	0,331	0,330	0,332	0,337	0,338	0,318	0,350	0,352	0,304	0,305	0,320	0,304	0,326	0,332	0,332	0,329	0,328	0,318	0,357	0,348	0,304	0,303	0,312	0,305	0,316	0,332	0,331	0,310	0,327	0,311	0,360	0,357	0,302	0,297	0,303	0,310	0,312	0,351	0,327	0,318	0,328	0,339	0,362	0,349	0,296	0,296	0,320	0,328	0,339	0,317	0,324	0,310	0,328	0,300	0,357	0,344	0,294	0,295	0,315	0,318	0,333	0,293	0,324	0,314	0,329	0,308	0,352	0,344	0,296	0,285	0,302	0,312	0,323	0,312	0,327	0,314	0,337	0,315	0,362	0,346	0,300	0,294	0,295	0,310	0,311	0,298	0,328	0,320	0,328	0,326	0,357	0,355	0,303	0,297	0,310
3:50:19	37,0	0,313	0,344	0,349	0,341	0,348	0,347	0,330	0,362	0,361	0,315	0,309	0,333	0,315	0,339	0,347	0,342	0,340	0,337	0,329	0,374	0,360	0,312	0,312	0,323	0,317	0,326	0,344	0,341	0,320	0,337	0,323	0,365	0,372	0,311	0,303	0,312	0,320	0,320	0,374	0,336	0,330	0,338	0,345	0,376	0,362	0,302	0,301	0,326	0,342	0,356	0,324	0,333	0,321	0,337	0,308	0,371	0,356	0,302	0,302	0,322	0,331	0,342	0,303	0,334	0,324	0,340	0,320	0,363	0,357	0,305	0,291	0,310	0,326	0,331	0,322	0,337	0,324	0,348	0,324	0,379	0,360	0,308	0,304	0,304	0,322	0,318	0,305	0,340	0,329	0,338	0,336	0,370	0,370	0,312	0,307	0,321
4:00:19	37,0	0,322	0,358	0,373	0,351	0,358	0,356	0,340	0,369	0,371	0,321	0,319	0,349	0,329	0,350	0,363	0,351	0,349	0,344	0,338	0,385	0,368	0,320	0,319	0,331	0,326	0,349	0,357	0,349	0,329	0,348	0,335	0,378	0,387	0,320	0,309	0,319	0,329	0,335	0,401	0,346	0,340	0,345	0,359	0,389	0,377	0,309	0,307	0,334	0,362	0,369	0,331	0,342	0,330	0,347	0,318	0,381	0,368	0,310	0,310	0,327	0,346	0,355	0,310	0,341	0,332	0,350	0,331	0,372	0,371	0,314	0,300	0,317	0,340	0,337	0,334	0,346	0,332	0,357	0,335	0,392	0,370	0,317	0,312	0,313	0,338	0,328	0,316	0,350	0,340	0,349	0,345	0,384	0,384	0,323	0,317	0,327
4:10:19	37,0	0,333	0,368	0,398	0,360	0,366	0,366	0,349	0,379	0,383	0,330	0,329	0,360	0,341	0,364	0,381	0,357	0,359	0,354	0,344	0,393	0,377	0,330	0,327	0,342	0,338	0,364	0,372	0,354	0,337	0,356	0,349	0,385	0,401	0,327	0,321	0,327	0,341	0,346	0,427	0,356	0,347	0,355	0,385	0,397	0,392	0,316	0,313	0,341	0,381	0,380	0,337	0,349	0,339	0,356	0,326	0,387	0,377	0,317	0,316	0,335	0,361	0,363	0,323	0,348	0,341	0,356	0,338	0,379	0,381	0,323	0,310	0,325	0,348	0,345	0,345	0,355	0,341	0,365	0,344	0,405	0,379	0,325	0,323	0,324	0,354	0,338	0,325	0,358	0,348	0,356	0,361	0,392	0,396	0,335	0,329	0,341
4:20:19	37,0	0,343	0,379	0,417	0,367	0,372	0,373	0,360	0,385	0,390	0,353	0,341	0,371	0,356	0,381	0,398	0,367	0,363	0,360	0,351	0,403	0,382	0,337	0,334	0,354	0,352	0,376	0,384	0,364	0,341	0,363	0,361	0,397	0,416	0,337	0,327	0,337	0,351	0,361	0,449	0,365	0,355	0,361	0,406	0,402	0,412	0,327	0,321	0,350	0,399	0,405	0,344	0,354	0,345	0,362	0,333	0,392	0,383	0,322	0,324	0,343	0,378	0,371	0,334	0,355	0,348	0,364	0,348	0,386	0,388	0,331	0,319	0,333	0,364	0,353	0,357	0,361	0,347	0,372	0,353	0,421	0,387	0,335	0,338	0,334	0,370	0,350	0,335	0,365	0,354	0,363	0,376	0,398	0,406	0,349	0,342	0,369
4:30:19	37,0	0,354	0,386	0,432	0,372	0,379	0,380	0,366	0,397	0,397	0,372	0,353	0,383	0,373	0,393	0,409	0,372	0,364	0,365	0,357	0,412	0,390	0,345	0,344	0,367	0,366	0,383	0,393	0,366	0,346	0,371	0,375	0,415	0,431	0,348	0,337	0,350	0,361	0,375	0,466	0,374	0,362	0,369	0,421	0,411	0,428	0,333	0,331	0,359	0,417	0,417	0,352	0,360	0,351	0,367	0,341	0,403	0,390	0,329	0,332	0,349	0,389	0,380	0,345	0,362	0,355	0,370	0,352	0,394	0,399	0,342	0,331	0,341	0,383	0,359	0,369	0,368	0,352	0,378	0,377	0,434	0,394	0,347	0,354	0,343	0,387	0,357	0,343	0,372	0,360	0,370	0,385	0,405	0,415	0,363	0,356	0,390
4:40:19	37,0	0,366	0,391	0,444	0,377	0,386	0,386	0,375	0,403	0,406	0,389	0,362	0,392	0,387	0,403	0,420	0,378	0,371	0,369	0,359	0,422	0,400	0,352	0,356	0,381	0,378	0,395	0,402	0,372	0,356	0,377	0,385	0,430	0,450	0,357	0,342	0,364	0,372	0,386	0,478	0,381	0,367	0,375	0,424	0,419	0,441	0,344	0,340	0,365	0,433	0,432	0,361	0,366	0,355	0,374	0,348	0,412	0,394	0,336	0,341	0,353	0,400	0,387	0,352	0,368	0,361	0,376	0,359	0,401	0,406	0,350	0,347	0,345	0,396	0,369	0,377	0,374	0,359	0,385	0,387	0,448	0,401	0,355	0,373	0,352	0,400	0,367	0,351	0,379	0,365	0,375	0,392	0,413	0,425	0,377	0,369	0,409
4:50:19	37,0	0,375	0,398	0,452	0,380	0,392	0,390	0,382	0,412	0,415	0,406	0,367	0,403	0,400	0,411	0,427	0,383	0,378	0,373	0,367	0,434	0,407	0,355	0,363	0,395	0,391	0,408	0,411	0,377	0,365	0,383	0,391	0,442	0,463	0,362	0,346	0,375	0,383	0,402	0,488	0,386	0,372	0,380	0,434	0,429	0,452	0,354	0,346	0,369	0,442	0,446	0,370	0,372	0,362	0,378	0,353	0,418	0,402	0,342	0,346	0,359	0,414	0,395	0,360	0,373	0,367	0,381	0,367	0,408	0,411	0,355	0,365	0,349	0,404	0,375	0,384	0,378	0,365	0,390	0,412	0,456	0,408	0,361	0,384	0,360	0,412	0,373	0,357	0,385	0,371	0,382	0,399	0,420	0,435	0,391	0,378	0,422
5:00:19	37,0	0,384	0,410	0,459	0,387	0,398	0,397	0,384	0,420	0,425	0,421	0,374	0,412	0,415	0,424	0,434	0,388	0,383	0,379	0,372	0,445	0,413	0,360	0,371	0,415	0,404	0,414	0,426	0,376	0,373	0,389	0,397	0,456	0,473	0,372	0,351	0,390	0,392	0,417	0,496	0,390	0,380	0,386	0,455	0,433	0,465	0,364	0,353	0,375	0,451	0,453	0,376	0,378	0,368	0,383	0,362	0,424	0,409	0,347	0,351	0,365	0,426	0,404	0,367	0,378	0,374	0,385	0,378	0,414	0,416	0,363	0,373	0,355	0,411	0,384	0,389	0,383	0,372	0,397	0,429	0,460	0,416	0,366	0,388	0,368	0,421	0,381	0,364	0,391	0,377	0,387	0,406	0,428	0,437	0,404	0,387	0,440
5:10:19	37,0	0,389	0,418	0,463	0,391	0,405	0,402	0,394	0,428	0,435	0,431	0,381	0,422	0,426	0,436	0,445	0,394	0,390	0,381	0,378	0,455	0,423	0,360	0,377	0,436	0,413	0,423	0,443	0,380	0,381	0,394	0,402	0,467	0,482	0,376	0,357	0,402	0,402	0,425	0,504	0,395	0,386	0,391	0,469	0,439	0,479	0,372	0,358	0,379	0,464	0,461	0,383	0,384	0,374	0,390	0,371	0,429	0,418	0,353	0,359	0,372	0,438	0,413	0,374	0,384	0,380	0,391	0,396	0,420	0,421	0,367	0,376	0,360	0,419	0,390	0,397	0,389	0,376	0,401	0,435	0,462	0,421	0,374	0,391	0,375	0,428	0,387	0,370	0,396	0,382	0,392	0,412	0,433	0,438	0,410	0,400	0,452
5:20:19	37,0	0,394	0,422	0,466	0,396	0,407	0,406	0,398	0,436	0,441	0,443	0,389	0,424	0,437	0,447	0,451	0,400	0,400	0,386	0,384	0,461	0,431	0,366	0,380	0,452	0,424	0,431	0,461	0,386	0,387	0,400	0,405	0,478	0,488	0,381	0,361	0,410	0,411	0,432	0,507	0,400	0,392	0,396	0,480	0,444	0,493	0,382	0,361	0,384	0,476	0,466	0,389	0,390	0,377	0,395	0,377	0,433	0,425	0,358	0,372	0,379	0,447	0,419	0,381	0,390	0,386	0,397	0,417	0,425	0,428	0,374	0,381	0,364	0,420	0,397	0,404	0,394	0,383	0,408	0,431	0,466	0,426	0,381	0,397	0,381	0,436	0,392	0,376	0,404	0,389	0,399	0,416	0,439	0,441	0,419	0,415	0,457
5:30:19	37,0	0,402	0,426	0,469	0,400	0,412	0,410	0,410	0,444	0,445	0,451	0,397	0,430	0,448	0,461	0,459	0,408	0,405	0,393	0,392	0,462	0,440	0,374	0,385	0,462	0,431	0,437	0,480	0,390	0,392	0,406	0,414	0,481	0,488	0,388	0,365	0,415	0,417	0,437	0,509	0,408	0,399	0,401	0,489	0,450	0,501	0,390	0,368	0,388	0,484	0,470	0,395	0,398	0,384	0,401	0,381	0,436	0,430	0,364	0,382	0,386	0,455	0,426	0,388	0,396	0,393	0,401	0,425	0,429	0,434	0,380	0,383	0,370	0,424	0,405	0,410	0,400	0,391	0,414	0,429	0,469	0,432	0,390	0,402	0,389	0,439	0,398	0,381	0,409	0,395	0,405	0,424	0,444	0,446	0,429	0,425	0,465
5:40:19	37,0	0,408	0,434	0,473	0,405	0,419	0,415	0,415	0,447	0,449	0,460	0,404	0,441	0,457	0,480	0,477	0,414	0,408	0,400	0,397	0,461	0,451	0,381	0,391	0,467	0,433	0,451	0,498	0,393	0,401	0,411	0,428	0,479	0,485	0,393	0,370	0,419	0,423	0,448	0,511	0,415	0,406	0,407	0,493	0,452	0,498	0,400	0,374	0,394	0,490	0,473	0,402	0,405	0,390	0,407	0,385	0,439	0,431	0,369	0,390	0,393	0,459	0,430	0,392	0,400	0,400	0,406	0,426	0,432	0,437	0,387	0,385	0,377	0,428	0,413	0,415	0,403	0,396	0,420	0,428	0,472	0,435	0,399	0,408	0,394	0,444	0,402	0,386	0,412	0,401	0,411	0,436	0,449	0,452	0,433	0,430	0,467
5:50:19	37,0	0,414	0,446	0,476	0,411	0,425	0,419	0,417	0,452	0,453	0,460	0,408	0,446	0,471	0,493	0,488	0,421	0,415	0,406	0,404	0,465	0,458	0,392	0,397	0,470	0,442	0,450	0,507	0,407	0,406	0,415	0,431	0,479	0,487	0,399	0,377	0,426	0,430	0,463	0,512	0,421	0,411	0,413	0,483	0,453	0,497	0,410	0,380	0,400	0,497	0,476	0,410	0,414	0,397	0,413	0,385	0,442	0,431	0,374	0,398	0,398	0,467	0,437	0,414	0,407	0,407	0,409	0,430	0,435	0,439	0,396	0,390	0,382	0,437	0,418	0,421	0,409	0,403	0,424	0,432	0,477	0,438	0,409	0,415	0,397	0,448	0,406	0,391	0,419	0,408	0,416	0,444	0,454	0,460	0,436	0,436	0,464
6:00:19	37,0	0,424	0,461	0,484	0,418	0,431	0,426	0,427	0,454	0,458	0,457	0,411	0,454	0,485	0,503	0,496	0,430	0,426	0,415	0,407	0,473	0,458	0,399	0,399	0,469	0,455	0,458	0,515	0,413	0,414	0,423	0,439	0,483	0,492	0,405	0,387	0,430	0,436	0,479	0,516	0,430	0,420	0,421	0,470	0,459	0,500	0,416	0,389	0,404	0,500	0,483	0,420	0,421	0,404	0,421	0,390	0,445	0,433	0,380	0,405	0,401	0,469	0,445	0,414	0,415	0,414	0,419	0,434	0,439	0,439	0,403	0,398	0,386	0,447	0,433	0,432	0,417	0,410	0,432	0,457	0,483	0,441	0,415	0,420	0,400	0,456	0,414	0,398	0,426	0,416	0,424	0,457	0,460	0,462	0,438	0,440	0,460
6:10:19	37,0	0,432	0,484	0,493	0,427	0,439	0,435	0,428	0,458	0,462	0,458	0,416	0,460	0,499	0,514	0,502	0,434	0,435	0,422	0,408	0,470	0,459	0,402	0,402	0,473	0,477	0,467	0,522	0,419	0,423	0,430	0,446	0,488	0,496	0,406	0,393	0,436	0,446	0,497	0,523	0,437	0,427	0,429	0,464	0,471	0,507	0,419	0,400	0,411	0,505	0,496	0,433	0,429	0,411	0,429	0,397	0,448	0,436	0,385	0,410	0,409	0,477	0,464	0,427	0,421	0,422	0,424	0,436	0,444	0,440	0,407	0,405	0,394	0,462	0,456	0,449	0,424	0,418	0,440	0,483	0,489	0,444	0,419	0,421	0,403	0,466	0,429	0,413	0,431	0,423	0,432	0,471	0,463	0,465	0,439	0,445	0,457
6:20:19	37,0	0,445	0,496	0,498	0,436	0,448	0,447	0,436	0,461	0,466	0,457	0,423	0,460	0,511	0,524	0,510	0,441	0,443	0,429	0,416	0,476	0,459	0,411	0,413	0,476	0,494	0,484	0,531	0,426	0,431	0,437	0,455	0,498	0,497	0,407	0,410	0,442	0,474	0,515	0,527	0,445	0,434	0,436	0,470	0,479	0,511	0,420	0,416	0,413	0,511	0,509	0,451	0,435	0,418	0,436	0,415	0,455	0,437	0,387	0,413	0,413	0,479	0,482	0,448	0,428	0,430	0,433	0,441	0,449	0,440	0,410	0,408	0,400	0,476	0,479	0,467	0,431	0,426	0,448	0,495	0,497	0,449	0,421	0,423	0,406	0,473	0,454	0,433	0,439	0,433	0,441	0,488	0,467	0,469	0,440	0,451	0,458
6:30:19	37,0	0,456	0,504	0,508	0,445	0,458	0,457	0,443	0,464	0,471	0,456	0,430	0,463	0,517	0,529	0,522	0,453	0,452	0,439	0,419	0,495	0,464	0,421	0,437	0,480	0,502	0,501	0,537	0,435	0,439	0,445	0,467	0,522	0,504	0,412	0,425	0,450	0,488	0,525	0,532	0,451	0,441	0,444	0,490	0,489	0,519	0,427	0,437	0,417	0,511	0,520	0,468	0,444	0,425	0,444	0,441	0,468	0,443	0,395	0,417	0,417	0,488	0,503	0,469	0,437	0,438	0,442	0,447	0,459	0,447	0,420	0,412	0,406	0,485	0,501	0,480	0,439	0,435	0,455	0,514	0,506	0,458	0,428	0,427	0,412	0,481	0,480	0,453	0,446	0,442	0,451	0,503	0,471	0,473	0,441	0,452	0,465
6:40:19	37,0	0,467	0,512	0,518	0,456	0,469	0,466	0,454	0,474	0,480	0,455	0,433	0,466	0,519	0,533	0,530	0,457	0,457	0,445	0,427	0,508	0,482	0,427	0,457	0,484	0,509	0,517	0,542	0,443	0,447	0,453	0,479	0,535	0,519	0,422	0,438	0,457	0,495	0,533	0,536	0,461	0,450	0,452	0,515	0,504	0,537	0,437	0,454	0,425	0,513	0,527	0,480	0,451	0,434	0,451	0,466	0,483	0,448	0,406	0,425	0,428	0,496	0,518	0,483	0,444	0,445	0,448	0,454	0,476	0,463	0,426	0,418	0,412	0,495	0,514	0,490	0,447	0,442	0,465	0,536	0,519	0,469	0,435	0,436	0,417	0,491	0,500	0,469	0,457	0,451	0,460	0,515	0,479	0,476	0,445	0,453	0,472
6:50:19	37,0	0,479	0,520	0,529	0,465	0,478	0,475	0,472	0,488	0,495	0,454	0,436	0,470	0,523	0,537	0,538	0,465	0,465	0,453	0,436	0,533	0,505	0,437	0,470	0,496	0,518	0,528	0,549	0,452	0,454	0,461	0,490	0,546	0,535	0,434	0,454	0,470	0,503	0,541	0,542	0,469	0,457	0,460	0,524	0,527	0,550	0,449	0,467	0,436	0,514	0,534	0,493	0,461	0,443	0,460	0,482	0,505	0,464	0,421	0,438	0,442	0,509	0,530	0,495	0,453	0,454	0,456	0,468	0,506	0,477	0,438	0,427	0,417	0,504	0,525	0,499	0,456	0,451	0,473	0,550	0,538	0,486	0,446	0,446	0,424	0,497	0,516	0,481	0,467	0,462	0,470	0,526	0,491	0,498	0,446	0,458	0,477
7:00:19	37,0	0,487	0,524	0,538	0,473	0,485	0,485	0,490	0,509	0,515	0,462	0,439	0,476	0,528	0,542	0,548	0,474	0,473	0,461	0,449	0,543	0,525	0,448	0,483	0,512	0,524	0,534	0,557	0,457	0,460	0,467	0,501	0,556	0,551	0,446	0,467	0,474	0,509	0,550	0,548	0,475	0,464	0,469	0,531	0,546	0,560	0,458	0,477	0,451	0,517	0,539	0,499	0,469	0,448	0,468	0,494	0,525	0,488	0,433	0,451	0,456	0,518	0,539	0,507	0,460	0,462	0,463	0,491	0,531	0,506	0,448	0,439	0,428	0,509	0,538	0,506	0,463	0,459	0,481	0,559	0,555	0,507	0,458	0,453	0,433	0,507	0,528	0,491	0,478	0,471	0,483	0,534	0,508	0,529	0,457	0,475	0,488
7:10:19	37,0	0,494	0,530	0,545	0,482	0,496	0,494	0,496	0,534	0,533	0,464	0,448	0,482	0,535	0,546	0,556	0,483	0,479	0,471	0,476	0,555	0,537	0,457	0,495	0,527	0,531	0,541	0,566	0,466	0,469	0,478	0,513	0,564	0,563	0,457	0,477	0,487	0,514	0,557	0,554	0,483	0,472	0,479	0,542	0,563	0,571	0,470	0,486	0,464	0,527	0,545	0,507	0,476	0,458	0,477	0,503	0,542	0,506	0,447	0,462	0,470	0,519	0,547	0,516	0,469	0,471	0,472	0,507	0,550	0,531	0,461	0,450	0,442	0,513	0,546	0,513	0,471	0,468	0,489	0,563	0,573	0,526	0,470	0,460	0,442	0,516	0,537	0,501	0,487	0,481	0,491	0,540	0,533	0,543	0,472	0,495	0,501
7:20:19	37,0	0,499	0,539	0,551	0,492	0,504	0,502	0,507	0,557	0,552	0,471	0,454	0,490	0,538	0,552	0,563	0,491	0,486	0,479	0,494	0,566	0,548	0,465	0,506	0,535	0,534	0,549	0,571	0,474	0,478	0,484	0,518	0,573	0,573	0,470	0,488	0,497	0,522	0,565	0,561	0,491	0,480	0,486	0,554	0,577	0,583	0,481	0,496	0,479	0,534	0,553	0,516	0,486	0,466	0,485	0,510	0,557	0,522	0,461	0,473	0,484	0,524	0,554	0,524	0,478	0,480	0,480	0,517	0,567	0,552	0,474	0,462	0,454	0,520	0,555	0,520	0,479	0,477	0,498	0,569	0,588	0,545	0,481	0,470	0,453	0,522	0,546	0,511	0,497	0,492	0,503	0,545	0,551	0,559	0,488	0,509	0,518
7:30:19	37,0	0,508	0,543	0,555	0,502	0,514	0,510	0,520	0,574	0,563	0,482	0,462	0,503	0,540	0,560	0,568	0,499	0,494	0,488	0,506	0,576	0,558	0,473	0,516	0,542	0,540	0,556	0,574	0,480	0,486	0,492	0,527	0,582	0,582	0,484	0,498	0,504	0,526	0,573	0,568	0,499	0,488	0,494	0,561	0,594	0,592	0,491	0,505	0,495	0,538	0,560	0,522	0,495	0,475	0,494	0,519	0,570	0,537	0,472	0,481	0,499	0,530	0,562	0,531	0,486	0,490	0,487	0,526	0,581	0,573	0,484	0,472	0,468	0,523	0,562	0,526	0,487	0,484	0,508	0,576	0,602	0,560	0,491	0,483	0,466	0,532	0,553	0,517	0,508	0,501	0,513	0,551	0,567	0,576	0,502	0,519	0,528
7:40:19	37,0	0,516	0,549	0,564	0,513	0,522	0,520	0,533	0,591	0,584	0,497	0,479	0,520	0,543	0,567	0,576	0,509	0,504	0,497	0,519	0,588	0,568	0,482	0,524	0,549	0,544	0,562	0,577	0,489	0,494	0,498	0,534	0,589	0,591	0,497	0,507	0,515	0,532	0,579	0,573	0,508	0,497	0,503	0,567	0,605	0,602	0,501	0,513	0,513	0,543	0,565	0,528	0,501	0,482	0,504	0,524	0,582	0,549	0,483	0,490	0,515	0,536	0,567	0,538	0,494	0,499	0,499	0,536	0,594	0,587	0,492	0,483	0,482	0,531	0,570	0,531	0,497	0,493	0,519	0,581	0,615	0,572	0,501	0,488	0,478	0,537	0,560	0,524	0,519	0,512	0,526	0,557	0,583	0,592	0,512	0,525	0,537
7:50:19	37,0	0,525	0,557	0,569	0,521	0,532	0,531	0,541	0,604	0,593	0,505	0,490	0,532	0,549	0,574	0,584	0,519	0,514	0,506	0,525	0,597	0,576	0,493	0,531	0,557	0,549	0,569	0,583	0,497	0,502	0,506	0,541	0,598	0,599	0,508	0,512	0,528	0,536	0,586	0,578	0,515	0,505	0,512	0,570	0,618	0,611	0,509	0,521	0,526	0,545	0,569	0,534	0,511	0,491	0,512	0,530	0,592	0,561	0,494	0,499	0,527	0,541	0,573	0,544	0,503	0,509	0,507	0,543	0,607	0,599	0,501	0,494	0,494	0,534	0,577	0,538	0,506	0,503	0,528	0,587	0,628	0,584	0,511	0,498	0,490	0,543	0,569	0,533	0,528	0,524	0,538	0,564	0,596	0,610	0,522	0,536	0,546
8:00:19	37,0	0,534	0,562	0,571	0,532	0,542	0,542	0,545	0,617	0,606	0,514	0,500	0,543	0,551	0,583	0,591	0,524	0,522	0,513	0,531	0,606	0,586	0,500	0,535	0,566	0,551	0,572	0,586	0,503	0,509	0,514	0,546	0,607	0,608	0,517	0,518	0,537	0,543	0,592	0,583	0,523	0,513	0,522	0,576	0,630	0,619	0,518	0,529	0,539	0,552	0,577	0,539	0,517	0,499	0,520	0,536	0,603	0,573	0,504	0,508	0,538	0,550	0,578	0,551	0,512	0,517	0,518	0,549	0,617	0,608	0,510	0,504	0,505	0,542	0,583	0,543	0,514	0,512	0,538	0,593	0,641	0,593	0,521	0,504	0,502	0,551	0,575	0,539	0,538	0,535	0,548	0,572	0,610	0,623	0,532	0,541	0,555
8:10:19	37,0	0,539	0,569	0,575	0,542	0,552	0,553	0,552	0,630	0,618	0,523	0,509	0,553	0,554	0,591	0,594	0,537	0,532	0,524	0,536	0,614	0,595	0,508	0,542	0,578	0,557	0,577	0,589	0,511	0,519	0,524	0,553	0,616	0,617	0,527	0,524	0,546	0,548	0,596	0,589	0,533	0,523	0,531	0,586	0,644	0,629	0,528	0,536	0,550	0,560	0,580	0,544	0,526	0,509	0,532	0,541	0,614	0,584	0,514	0,517	0,549	0,557	0,583	0,557	0,520	0,528	0,527	0,556	0,628	0,618	0,519	0,504	0,515	0,545	0,589	0,548	0,524	0,522	0,548	0,597	0,655	0,603	0,531	0,513	0,514	0,563	0,583	0,549	0,549	0,547	0,561	0,576	0,622	0,635	0,541	0,547	0,561
8:20:19	37,0	0,547	0,578	0,581	0,553	0,562	0,566	0,558	0,641	0,632	0,532	0,516	0,561	0,563	0,596	0,597	0,544	0,541	0,534	0,541	0,624	0,602	0,518	0,547	0,586	0,562	0,584	0,592	0,521	0,528	0,531	0,558	0,623	0,625	0,538	0,531	0,556	0,556	0,603	0,593	0,542	0,532	0,540	0,590	0,659	0,639	0,535	0,543	0,560	0,566	0,586	0,551	0,534	0,518	0,542	0,546	0,624	0,593	0,523	0,523	0,558	0,565	0,588	0,564	0,533	0,538	0,540	0,561	0,639	0,628	0,528	0,514	0,523	0,553	0,594	0,555	0,531	0,536	0,561	0,601	0,672	0,614	0,539	0,521	0,523	0,571	0,590	0,555	0,560	0,559	0,574	0,582	0,634	0,647	0,547	0,554	0,568
8:30:19	37,0	0,560	0,584	0,584	0,563	0,573	0,578	0,566	0,654	0,641	0,537	0,527	0,570	0,566	0,594	0,605	0,554	0,553	0,545	0,550	0,633	0,611	0,525	0,554	0,595	0,564	0,590	0,597	0,530	0,536	0,543	0,563	0,629	0,633	0,547	0,537	0,567	0,561	0,608	0,599	0,552	0,542	0,551	0,597	0,670	0,647	0,542	0,550	0,567	0,568	0,593	0,556	0,542	0,529	0,553	0,552	0,632	0,601	0,532	0,529	0,566	0,573	0,595	0,568	0,539	0,550	0,548	0,567	0,647	0,637	0,537	0,518	0,531	0,559	0,600	0,559	0,542	0,545	0,571	0,606	0,688	0,623	0,546	0,528	0,532	0,577	0,596	0,564	0,570	0,570	0,587	0,589	0,645	0,658	0,554	0,560	0,575
8:40:19	37,0	0,565	0,591	0,585	0,572	0,583	0,590	0,571	0,664	0,651	0,542	0,539	0,575	0,570	0,600	0,608	0,564	0,563	0,554	0,554	0,640	0,619	0,532	0,560	0,602	0,570	0,594	0,601	0,538	0,546	0,551	0,568	0,636	0,642	0,555	0,544	0,576	0,569	0,612	0,602	0,560	0,550	0,564	0,604	0,681	0,656	0,550	0,555	0,573	0,575	0,595	0,561	0,551	0,539	0,564	0,556	0,640	0,611	0,540	0,534	0,571	0,578	0,601	0,574	0,548	0,561	0,561	0,573	0,656	0,647	0,544	0,523	0,536	0,564	0,607	0,564	0,550	0,555	0,584	0,611	0,701	0,632	0,554	0,533	0,539	0,583	0,604	0,574	0,581	0,582	0,600	0,595	0,654	0,668	0,559	0,566	0,578
8:50:19	37,0	0,581	0,598	0,587	0,583	0,595	0,602	0,576	0,675	0,661	0,546	0,548	0,581	0,573	0,606	0,610	0,572	0,571	0,569	0,557	0,648	0,627	0,538	0,564	0,608	0,575	0,599	0,603	0,546	0,555	0,561	0,573	0,643	0,648	0,563	0,548	0,581	0,575	0,618	0,608	0,569	0,560	0,575	0,609	0,689	0,662	0,556	0,559	0,580	0,582	0,600	0,568	0,560	0,548	0,573	0,560	0,648	0,618	0,546	0,539	0,576	0,583	0,605	0,579	0,558	0,571	0,572	0,579	0,664	0,654	0,549	0,530	0,540	0,570	0,612	0,571	0,561	0,567	0,595	0,615	0,715	0,640	0,560	0,535	0,546	0,592	0,611	0,579	0,592	0,595	0,613	0,602	0,666	0,680	0,565	0,571	0,584
9:00:19	37,0	0,585	0,606	0,593	0,593	0,605	0,613	0,582	0,686	0,670	0,553	0,554	0,588	0,580	0,614	0,617	0,581	0,580	0,579	0,563	0,657	0,636	0,544	0,569	0,612	0,583	0,604	0,608	0,555	0,564	0,570	0,579	0,651	0,656	0,570	0,554	0,585	0,581	0,622	0,611	0,579	0,569	0,584	0,614	0,699	0,670	0,562	0,566	0,585	0,590	0,605	0,571	0,571	0,558	0,584	0,564	0,657	0,626	0,552	0,545	0,580	0,585	0,611	0,585	0,566	0,581	0,584	0,580	0,672	0,661	0,555	0,534	0,545	0,576	0,617	0,576	0,570	0,577	0,607	0,619	0,730	0,647	0,566	0,541	0,551	0,598	0,619	0,587	0,603	0,606	0,627	0,608	0,675	0,689	0,570	0,578	0,589
9:10:19	37,0	0,590	0,612	0,602	0,604	0,618	0,626	0,588	0,695	0,678	0,560	0,560	0,596	0,585	0,619	0,617	0,591	0,591	0,590	0,566	0,665	0,642	0,550	0,574	0,617	0,589	0,608	0,612	0,563	0,574	0,578	0,583	0,658	0,664	0,576	0,559	0,590	0,589	0,626	0,616	0,590	0,579	0,596	0,617	0,709	0,677	0,567	0,570	0,589	0,599	0,611	0,576	0,580	0,567	0,598	0,568	0,664	0,634	0,557	0,549	0,585	0,591	0,616	0,590	0,575	0,593	0,596	0,583	0,679	0,670	0,561	0,539	0,551	0,583	0,623	0,582	0,582	0,588	0,619	0,624	0,744	0,655	0,571	0,548	0,556	0,605	0,625	0,590	0,614	0,619	0,640	0,614	0,686	0,699	0,577	0,581	0,595
9:20:19	37,0	0,594	0,617	0,603	0,614	0,629	0,639	0,592	0,703	0,686	0,562	0,567	0,601	0,591	0,621	0,620	0,601	0,602	0,601	0,572	0,671	0,649	0,554	0,578	0,621	0,596	0,616	0,615	0,574	0,584	0,588	0,586	0,666	0,671	0,581	0,563	0,595	0,595	0,632	0,622	0,599	0,588	0,609	0,622	0,718	0,683	0,572	0,575	0,593	0,604	0,616	0,582	0,591	0,578	0,607	0,570	0,673	0,643	0,562	0,553	0,588	0,597	0,622	0,595	0,587	0,606	0,608	0,588	0,687	0,677	0,565	0,543	0,553	0,587	0,627	0,589	0,593	0,598	0,634	0,628	0,758	0,663	0,576	0,552	0,559	0,613	0,632	0,601	0,626	0,630	0,653	0,619	0,691	0,708	0,581	0,584	0,601
9:30:19	37,0	0,603	0,623	0,606	0,625	0,641	0,652	0,597	0,713	0,696	0,566	0,570	0,608	0,591	0,624	0,625	0,611	0,611	0,611	0,574	0,677	0,656	0,558	0,582	0,625	0,600	0,618	0,619	0,581	0,594	0,599	0,590	0,672	0,678	0,586	0,567	0,600	0,602	0,638	0,625	0,609	0,598	0,620	0,627	0,729	0,690	0,577	0,580	0,597	0,612	0,622	0,587	0,599	0,588	0,619	0,576	0,680	0,649	0,567	0,556	0,593	0,604	0,628	0,600	0,596	0,617	0,622	0,596	0,695	0,686	0,570	0,546	0,558	0,595	0,635	0,594	0,601	0,610	0,648	0,633	0,772	0,671	0,581	0,558	0,564	0,623	0,640	0,607	0,638	0,644	0,667	0,628	0,703	0,718	0,586	0,589	0,606
9:40:19	37,0	0,611	0,630	0,611	0,635	0,652	0,664	0,603	0,721	0,703	0,571	0,576	0,612	0,599	0,630	0,628	0,618	0,621	0,625	0,577	0,687	0,663	0,562	0,586	0,629	0,610	0,622	0,625	0,590	0,604	0,608	0,595	0,679	0,684	0,591	0,570	0,603	0,608	0,642	0,630	0,617	0,608	0,630	0,631	0,740	0,697	0,582	0,583	0,603	0,613	0,626	0,594	0,605	0,598	0,629	0,581	0,687	0,656	0,572	0,560	0,596	0,611	0,632	0,604	0,606	0,629	0,635	0,601	0,702	0,694	0,574	0,550	0,561	0,603	0,635	0,598	0,611	0,620	0,662	0,636	0,784	0,678	0,586	0,562	0,569	0,631	0,647	0,611	0,650	0,656	0,681	0,634	0,712	0,728	0,592	0,594	0,610
9:50:19	37,0	0,622	0,635	0,619	0,646	0,664	0,676	0,610	0,730	0,710	0,575	0,581	0,616	0,605	0,640	0,633	0,628	0,630	0,635	0,581	0,695	0,670	0,566	0,590	0,632	0,617	0,627	0,629	0,599	0,613	0,616	0,598	0,687	0,692	0,593	0,574	0,607	0,616	0,646	0,636	0,629	0,619	0,641	0,634	0,750	0,704	0,586	0,587	0,606	0,621	0,630	0,598	0,617	0,610	0,638	0,583	0,695	0,662	0,576	0,563	0,600	0,615	0,638	0,611	0,618	0,641	0,648	0,605	0,709	0,701	0,578	0,553	0,565	0,609	0,641	0,604	0,622	0,631	0,676	0,642	0,802	0,687	0,589	0,566	0,571	0,640	0,654	0,619	0,662	0,669	0,696	0,639	0,721	0,739	0,597	0,598	0,612
10:00:19	37,0	0,632	0,644	0,627	0,656	0,674	0,688	0,614	0,739	0,717	0,577	0,584	0,620	0,610	0,643	0,637	0,638	0,640	0,649	0,585	0,699	0,676	0,570	0,594	0,635	0,625	0,633	0,635	0,608	0,621	0,630	0,602	0,695	0,700	0,598	0,578	0,610	0,623	0,651	0,639	0,640	0,629	0,654	0,641	0,759	0,710	0,590	0,592	0,611	0,625	0,635	0,604	0,626	0,623	0,652	0,587	0,702	0,668	0,580	0,566	0,602	0,619	0,642	0,616	0,626	0,652	0,660	0,609	0,716	0,707	0,583	0,558	0,568	0,616	0,649	0,611	0,632	0,643	0,688	0,646	0,813	0,695	0,593	0,569	0,575	0,649	0,662	0,624	0,675	0,681	0,711	0,644	0,727	0,749	0,602	0,601	0,615
10:10:19	37,0	0,634	0,647	0,635	0,667	0,685	0,701	0,620	0,748	0,723	0,581	0,586	0,625	0,614	0,646	0,643	0,648	0,652	0,661	0,591	0,707	0,685	0,573	0,597	0,639	0,628	0,639	0,639	0,618	0,631	0,639	0,605	0,703	0,705	0,603	0,582	0,613	0,630	0,657	0,644	0,647	0,639	0,665	0,644	0,767	0,717	0,594	0,594	0,613	0,633	0,641	0,609	0,636	0,632	0,665	0,591	0,710	0,675	0,583	0,570	0,605	0,626	0,646	0,620	0,637	0,664	0,671	0,612	0,725	0,713	0,586	0,559	0,571	0,620	0,655	0,615	0,643	0,655	0,700	0,650	0,827	0,700	0,595	0,572	0,579	0,654	0,670	0,630	0,687	0,693	0,724	0,650	0,736	0,759	0,604	0,605	0,616
10:20:19	37,0	0,637	0,651	0,640	0,678	0,700	0,715	0,627	0,754	0,732	0,585	0,589	0,630	0,621	0,651	0,646	0,657	0,662	0,670	0,594	0,715	0,692	0,577	0,602	0,643	0,635	0,642	0,643	0,628	0,641	0,648	0,609	0,710	0,712	0,607	0,584	0,618	0,638	0,663	0,648	0,657	0,650	0,675	0,649	0,776	0,723	0,598	0,598	0,617	0,638	0,647	0,614	0,646	0,642	0,678	0,595	0,717	0,681	0,586	0,574	0,608	0,631	0,653	0,625	0,649	0,675	0,687	0,616	0,732	0,720	0,589	0,564	0,575	0,626	0,659	0,621	0,656	0,666	0,713	0,653	0,840	0,707	0,600	0,576	0,582	0,663	0,674	0,632	0,699	0,705	0,737	0,655	0,745	0,770	0,610	0,610	0,620
10:30:19	37,0	0,644	0,663	0,645	0,688	0,711	0,726	0,633	0,764	0,738	0,589	0,595	0,633	0,625	0,655	0,651	0,667	0,673	0,682	0,595	0,725	0,696	0,580	0,604	0,645	0,643	0,648	0,646	0,636	0,651	0,660	0,614	0,717	0,718	0,611	0,587	0,621	0,646	0,668	0,655	0,668	0,659	0,689	0,652	0,789	0,730	0,601	0,600	0,620	0,643	0,651	0,619	0,656	0,654	0,689	0,599	0,724	0,689	0,589	0,577	0,611	0,637	0,657	0,630	0,661	0,687	0,698	0,620	0,740	0,727	0,592	0,567	0,578	0,636	0,664	0,626	0,666	0,677	0,725	0,659	0,857	0,714	0,603	0,581	0,587	0,672	0,683	0,644	0,711	0,717	0,751	0,659	0,753	0,783	0,611	0,613	0,629
10:40:19	37,0	0,646	0,671	0,653	0,699	0,723	0,739	0,637	0,771	0,746	0,590	0,598	0,637	0,634	0,664	0,652	0,676	0,683	0,694	0,600	0,732	0,704	0,582	0,608	0,648	0,648	0,653	0,650	0,646	0,661	0,669	0,619	0,724	0,725	0,613	0,590	0,623	0,651	0,672	0,657	0,675	0,669	0,701	0,657	0,796	0,738	0,604	0,602	0,622	0,650	0,658	0,623	0,664	0,664	0,697	0,604	0,732	0,695	0,592	0,579	0,611	0,642	0,662	0,636	0,671	0,698	0,711	0,625	0,747	0,733	0,595	0,568	0,579	0,642	0,670	0,632	0,676	0,688	0,737	0,663	0,868	0,721	0,606	0,584	0,589	0,675	0,689	0,649	0,722	0,730	0,763	0,665	0,763	0,795	0,617	0,615	0,628
10:50:19	37,0	0,656	0,676	0,658	0,710	0,735	0,750	0,643	0,778	0,753	0,594	0,603	0,641	0,637	0,667	0,660	0,686	0,693	0,703	0,602	0,736	0,710	0,585	0,611	0,654	0,653	0,659	0,655	0,655	0,672	0,678	0,621	0,732	0,730	0,616	0,592	0,626	0,657	0,677	0,661	0,685	0,678	0,714	0,661	0,805	0,743	0,606	0,606	0,627	0,657	0,663	0,627	0,672	0,675	0,710	0,608	0,740	0,702	0,594	0,583	0,616	0,649	0,666	0,640	0,679	0,709	0,726	0,629	0,753	0,743	0,598	0,575	0,583	0,649	0,672	0,638	0,687	0,700	0,752	0,666	0,881	0,728	0,609	0,587	0,593	0,680	0,698	0,655	0,734	0,743	0,778	0,669	0,770	0,807	0,622	0,619	0,631
11:00:19	37,0	0,663	0,680	0,667	0,719	0,747	0,762	0,647	0,787	0,759	0,599	0,606	0,645	0,646	0,672	0,661	0,696	0,703	0,716	0,606	0,744	0,717	0,589	0,613	0,657	0,659	0,667	0,660	0,665	0,680	0,690	0,624	0,739	0,738	0,619	0,595	0,629	0,662	0,682	0,664	0,697	0,688	0,723	0,665	0,815	0,750	0,611	0,608	0,631	0,660	0,667	0,633	0,681	0,686	0,720	0,614	0,746	0,708	0,597	0,586	0,619	0,656	0,671	0,646	0,694	0,721	0,739	0,634	0,761	0,748	0,601	0,577	0,583	0,654	0,677	0,643	0,697	0,711	0,765	0,669	0,893	0,735	0,612	0,589	0,594	0,688	0,702	0,657	0,746	0,753	0,791	0,674	0,778	0,818	0,626	0,624	0,636
11:10:19	37,0	0,666	0,679	0,673	0,731	0,759	0,776	0,653	0,797	0,767	0,598	0,609	0,649	0,648	0,676	0,664	0,705	0,711	0,726	0,608	0,753	0,723	0,593	0,616	0,660	0,667	0,671	0,667	0,674	0,689	0,702	0,628	0,746	0,744	0,623	0,597	0,633	0,667	0,686	0,670	0,707	0,698	0,735	0,669	0,826	0,754	0,613	0,611	0,635	0,665	0,670	0,637	0,691	0,697	0,732	0,618	0,753	0,714	0,600	0,589	0,622	0,663	0,678	0,650	0,700	0,731	0,752	0,638	0,768	0,753	0,603	0,580	0,586	0,661	0,681	0,648	0,705	0,723	0,776	0,675	0,907	0,741	0,615	0,592	0,598	0,694	0,706	0,665	0,758	0,765	0,804	0,679	0,786	0,830	0,631	0,627	0,639
11:20:19	37,0	0,671	0,687	0,678	0,740	0,770	0,786	0,658	0,805	0,774	0,602	0,613	0,655	0,656	0,681	0,665	0,714	0,721	0,736	0,611	0,761	0,731	0,595	0,618	0,663	0,669	0,676	0,671	0,684	0,699	0,710	0,631	0,754	0,751	0,627	0,602	0,637	0,671	0,693	0,674	0,717	0,710	0,748	0,673	0,835	0,761	0,616	0,613	0,638	0,669	0,676	0,642	0,702	0,707	0,747	0,621	0,760	0,720	0,603	0,592	0,624	0,666	0,682	0,655	0,712	0,742	0,765	0,641	0,774	0,764	0,607	0,580	0,589	0,665	0,687	0,652	0,717	0,736	0,789	0,679	0,921	0,749	0,619	0,596	0,600	0,703	0,712	0,670	0,769	0,776	0,817	0,684	0,795	0,842	0,633	0,632	0,643
11:30:19	37,0	0,677	0,695	0,682	0,750	0,780	0,797	0,663	0,812	0,780	0,603	0,613	0,656	0,661	0,687	0,669	0,724	0,732	0,747	0,615	0,767	0,738	0,599	0,621	0,664	0,673	0,680	0,676	0,693	0,708	0,719	0,636	0,761	0,758	0,629	0,606	0,639	0,675	0,699	0,679	0,726	0,720	0,757	0,677	0,842	0,769	0,618	0,615	0,640	0,677	0,681	0,648	0,711	0,718	0,757	0,626	0,768	0,726	0,605	0,596	0,624	0,674	0,688	0,660	0,722	0,752	0,775	0,644	0,781	0,771	0,608	0,582	0,592	0,671	0,693	0,657	0,727	0,747	0,802	0,682	0,931	0,754	0,621	0,598	0,604	0,708	0,722	0,675	0,780	0,788	0,831	0,687	0,802	0,852	0,635	0,635	0,646
11:40:19	37,0	0,683	0,699	0,687	0,759	0,789	0,807	0,667	0,820	0,788	0,606	0,616	0,663	0,661	0,688	0,674	0,734	0,741	0,760	0,619	0,776	0,743	0,600	0,622	0,668	0,681	0,684	0,683	0,701	0,717	0,731	0,637	0,767	0,765	0,632	0,609	0,643	0,681	0,704	0,684	0,735	0,730	0,768	0,682	0,851	0,775	0,621	0,619	0,641	0,677	0,688	0,653	0,721	0,727	0,767	0,627	0,774	0,732	0,608	0,599	0,627	0,679	0,693	0,665	0,733	0,764	0,786	0,647	0,787	0,779	0,612	0,588	0,594	0,676	0,698	0,664	0,737	0,756	0,812	0,685	0,945	0,760	0,623	0,601	0,606	0,711	0,723	0,682	0,792	0,797	0,843	0,694	0,810	0,864	0,638	0,639	0,650
11:50:19	37,0	0,695	0,705	0,694	0,769	0,800	0,820	0,672	0,828	0,796	0,610	0,619	0,665	0,672	0,691	0,680	0,743	0,751	0,769	0,620	0,783	0,749	0,603	0,628	0,671	0,687	0,689	0,688	0,710	0,726	0,743	0,641	0,775	0,770	0,634	0,613	0,644	0,685	0,707	0,692	0,744	0,741	0,778	0,685	0,860	0,781	0,625	0,621	0,643	0,686	0,696	0,657	0,728	0,736	0,781	0,631	0,781	0,739	0,612	0,601	0,631	0,679	0,697	0,670	0,742	0,774	0,797	0,653	0,794	0,787	0,614	0,592	0,598	0,683	0,703	0,669	0,747	0,767	0,823	0,691	0,956	0,766	0,627	0,603	0,610	0,719	0,730	0,685	0,804	0,809	0,853	0,697	0,817	0,873	0,640	0,643	0,656
12:00:19	37,0	0,696	0,711	0,699	0,777	0,808	0,830	0,679	0,837	0,802	0,609	0,624	0,667	0,672	0,696	0,690	0,752	0,760	0,778	0,624	0,789	0,755	0,605	0,631	0,674	0,695	0,694	0,697	0,718	0,737	0,752	0,644	0,780	0,776	0,635	0,614	0,644	0,691	0,712	0,700	0,753	0,751	0,789	0,688	0,868	0,788	0,628	0,624	0,643	0,695	0,698	0,661	0,737	0,746	0,792	0,635	0,788	0,746	0,615	0,604	0,631	0,685	0,704	0,674	0,753	0,783	0,807	0,657	0,801	0,794	0,616	0,594	0,599	0,688	0,707	0,674	0,756	0,776	0,834	0,697	0,966	0,772	0,629	0,606	0,610	0,723	0,736	0,692	0,815	0,819	0,866	0,701	0,825	0,883	0,641	0,646	0,658
12:10:19	37,0	0,700	0,716	0,709	0,786	0,819	0,841	0,682	0,844	0,810	0,611	0,627	0,669	0,677	0,704	0,704	0,763	0,767	0,789	0,627	0,796	0,762	0,607	0,631	0,676	0,699	0,701	0,709	0,727	0,745	0,762	0,648	0,789	0,782	0,638	0,616	0,648	0,696	0,717	0,713	0,762	0,763	0,799	0,693	0,877	0,795	0,630	0,627	0,647	0,698	0,701	0,666	0,748	0,756	0,802	0,639	0,795	0,751	0,618	0,606	0,635	0,688	0,710	0,679	0,765	0,794	0,819	0,661	0,808	0,801	0,620	0,596	0,600	0,693	0,712	0,678	0,766	0,787	0,844	0,698	0,979	0,778	0,632	0,609	0,614	0,730	0,740	0,694	0,826	0,828	0,876	0,705	0,833	0,893	0,642	0,651	0,661
12:20:19	37,0	0,706	0,723	0,716	0,794	0,828	0,852	0,688	0,852	0,816	0,613	0,628	0,672	0,684	0,711	0,719	0,772	0,775	0,799	0,630	0,802	0,769	0,610	0,633	0,676	0,702	0,708	0,719	0,736	0,753	0,771	0,652	0,793	0,789	0,641	0,619	0,649	0,704	0,721	0,728	0,771	0,772	0,810	0,697	0,884	0,800	0,632	0,629	0,650	0,702	0,707	0,671	0,756	0,766	0,811	0,642	0,800	0,757	0,620	0,607	0,637	0,693	0,713	0,684	0,772	0,802	0,829	0,665	0,814	0,810	0,621	0,599	0,602	0,698	0,717	0,684	0,777	0,796	0,854	0,700	0,989	0,785	0,634	0,611	0,615	0,736	0,743	0,701	0,836	0,838	0,887	0,709	0,840	0,902	0,642	0,654	0,663
12:30:19	37,0	0,712	0,723	0,728	0,803	0,835	0,862	0,691	0,859	0,823	0,613	0,629	0,672	0,685	0,716	0,734	0,782	0,783	0,811	0,634	0,809	0,774	0,613	0,636	0,677	0,707	0,711	0,730	0,744	0,764	0,780	0,655	0,802	0,795	0,643	0,622	0,650	0,708	0,726	0,743	0,780	0,782	0,819	0,702	0,892	0,805	0,634	0,632	0,652	0,707	0,712	0,677	0,766	0,775	0,820	0,645	0,805	0,764	0,622	0,609	0,639	0,700	0,721	0,688	0,780	0,811	0,838	0,667	0,820	0,818	0,623	0,599	0,604	0,704	0,722	0,690	0,787	0,804	0,865	0,704	0,999	0,791	0,636	0,614	0,617	0,740	0,749	0,702	0,846	0,847	0,899	0,713	0,847	0,911	0,642	0,658	0,666
12:40:19	37,0	0,715	0,727	0,745	0,812	0,842	0,871	0,693	0,866	0,828	0,613	0,631	0,677	0,690	0,720	0,740	0,790	0,791	0,820	0,638	0,815	0,782	0,615	0,638	0,679	0,708	0,714	0,738	0,753	0,771	0,788	0,659	0,809	0,802	0,646	0,624	0,650	0,713	0,733	0,757	0,790	0,790	0,826	0,705	0,901	0,810	0,637	0,634	0,653	0,713	0,717	0,680	0,776	0,783	0,829	0,649	0,813	0,770	0,624	0,611	0,640	0,703	0,724	0,693	0,790	0,819	0,848	0,671	0,826	0,824	0,624	0,603	0,603	0,705	0,726	0,693	0,795	0,814	0,874	0,708	1,010	0,797	0,637	0,615	0,617	0,743	0,754	0,710	0,856	0,857	0,907	0,717	0,853	0,919	0,644	0,661	0,667
12:50:19	37,0	0,723	0,732	0,765	0,827	0,853	0,882	0,698	0,876	0,837	0,616	0,636	0,683	0,692	0,724	0,746	0,798	0,799	0,828	0,639	0,823	0,785	0,619	0,642	0,682	0,708	0,717	0,744	0,762	0,780	0,797	0,662	0,815	0,806	0,649	0,626	0,654	0,719	0,737	0,767	0,797	0,796	0,836	0,707	0,910	0,817	0,639	0,637	0,657	0,720	0,723	0,686	0,782	0,793	0,837	0,652	0,822	0,775	0,626	0,612	0,644	0,708	0,726	0,697	0,800	0,829	0,858	0,675	0,832	0,829	0,628	0,605	0,608	0,711	0,733	0,698	0,804	0,824	0,885	0,713	1,017	0,802	0,639	0,616	0,621	0,749	0,757	0,710	0,866	0,866	0,917	0,721	0,860	0,929	0,646	0,664	0,676
13:00:19	37,0	0,725	0,740	0,779	0,835	0,862	0,892	0,703	0,883	0,842	0,622	0,640	0,684	0,702	0,727	0,752	0,806	0,810	0,836	0,644	0,828	0,792	0,621	0,644	0,685	0,714	0,721	0,753	0,770	0,788	0,810	0,665	0,821	0,813	0,650	0,628	0,655	0,723	0,743	0,772	0,805	0,804	0,844	0,711	0,916	0,823	0,641	0,641	0,658	0,723	0,728	0,690	0,792	0,802	0,845	0,656	0,827	0,781	0,627	0,616	0,648	0,710	0,732	0,703	0,807	0,837	0,869	0,678	0,840	0,838	0,629	0,606	0,612	0,718	0,739	0,702	0,813	0,834	0,896	0,716	1,026	0,807	0,641	0,619	0,624	0,753	0,761	0,715	0,876	0,875	0,927	0,726	0,867	0,939	0,644	0,667	0,676
13:10:19	37,0	0,730	0,739	0,785	0,843	0,868	0,899	0,705	0,888	0,848	0,622	0,643	0,683	0,708	0,733	0,760	0,817	0,818	0,843	0,647	0,834	0,799	0,623	0,644	0,685	0,725	0,726	0,760	0,779	0,796	0,818	0,668	0,827	0,819	0,653	0,629	0,656	0,727	0,746	0,782	0,813	0,812	0,854	0,715	0,925	0,828	0,643	0,641	0,661	0,726	0,732	0,693	0,798	0,810	0,854	0,659	0,831	0,786	0,629	0,619	0,648	0,719	0,736	0,706	0,818	0,845	0,878	0,681	0,845	0,844	0,631	0,609	0,614	0,722	0,743	0,706	0,821	0,842	0,903	0,719	1,036	0,813	0,643	0,622	0,624	0,759	0,769	0,719	0,886	0,883	0,936	0,728	0,875	0,947	0,647	0,670	0,678
13:20:19	37,0	0,735	0,746	0,795	0,852	0,876	0,907	0,707	0,895	0,854	0,624	0,640	0,685	0,708	0,740	0,767	0,825	0,824	0,851	0,651	0,841	0,802	0,626	0,646	0,689	0,725	0,729	0,769	0,786	0,803	0,824	0,672	0,834	0,824	0,655	0,630	0,660	0,728	0,749	0,790	0,821	0,821	0,863	0,717	0,933	0,833	0,646	0,643	0,661	0,735	0,736	0,698	0,808	0,819	0,863	0,663	0,838	0,791	0,632	0,620	0,650	0,720	0,740	0,711	0,827	0,853	0,887	0,684	0,851	0,853	0,633	0,610	0,617	0,728	0,748	0,710	0,830	0,850	0,911	0,723	1,043	0,820	0,645	0,620	0,625	0,762	0,771	0,726	0,894	0,891	0,945	0,732	0,881	0,955	0,649	0,674	0,679
13:30:19	37,0	0,738	0,753	0,803	0,858	0,884	0,921	0,709	0,901	0,859	0,624	0,642	0,687	0,713	0,744	0,773	0,833	0,832	0,860	0,653	0,847	0,807	0,626	0,648	0,691	0,732	0,735	0,780	0,793	0,809	0,834	0,674	0,841	0,830	0,656	0,630	0,661	0,729	0,753	0,797	0,831	0,827	0,872	0,721	0,939	0,839	0,647	0,646	0,662	0,736	0,740	0,703	0,816	0,827	0,872	0,665	0,844	0,796	0,633	0,624	0,652	0,725	0,745	0,714	0,836	0,860	0,895	0,690	0,857	0,858	0,634	0,611	0,618	0,730	0,750	0,715	0,839	0,858	0,921	0,726	1,051	0,826	0,646	0,623	0,625	0,768	0,776	0,732	0,903	0,900	0,954	0,735	0,888	0,964	0,650	0,677	0,684
13:40:19	37,0	0,745	0,756	0,810	0,867	0,891	0,927	0,712	0,907	0,864	0,624	0,641	0,690	0,717	0,749	0,780	0,839	0,838	0,867	0,657	0,854	0,813	0,627	0,650	0,688	0,733	0,740	0,785	0,800	0,817	0,841	0,677	0,847	0,835	0,658	0,634	0,661	0,734	0,757	0,803	0,837	0,834	0,878	0,721	0,943	0,844	0,648	0,647	0,664	0,738	0,744	0,707	0,824	0,833	0,880	0,668	0,850	0,801	0,634	0,625	0,652	0,728	0,750	0,718	0,845	0,868	0,904	0,693	0,862	0,865	0,634	0,613	0,619	0,734	0,754	0,719	0,848	0,865	0,929	0,728	1,059	0,830	0,647	0,624	0,626	0,770	0,778	0,731	0,911	0,907	0,961	0,737	0,892	0,971	0,649	0,678	0,684
13:50:19	37,0	0,746	0,759	0,818	0,874	0,898	0,935	0,713	0,913	0,869	0,624	0,642	0,688	0,722	0,754	0,788	0,847	0,845	0,874	0,661	0,858	0,818	0,629	0,654	0,690	0,740	0,745	0,793	0,807	0,823	0,847	0,680	0,853	0,839	0,659	0,637	0,663	0,736	0,760	0,810	0,844	0,841	0,886	0,727	0,951	0,849	0,650	0,646	0,665	0,744	0,749	0,713	0,833	0,842	0,890	0,671	0,854	0,806	0,635	0,625	0,653	0,736	0,755	0,721	0,852	0,875	0,912	0,697	0,868	0,872	0,636	0,615	0,618	0,740	0,760	0,724	0,857	0,872	0,937	0,733	1,067	0,835	0,648	0,626	0,627	0,776	0,784	0,735	0,921	0,916	0,970	0,740	0,898	0,980	0,648	0,682	0,685
14:00:19	36,9	0,756	0,765	0,826	0,881	0,905	0,943	0,717	0,920	0,875	0,626	0,646	0,690	0,727	0,757	0,793	0,854	0,850	0,883	0,663	0,865	0,824	0,630	0,654	0,693	0,742	0,749	0,798	0,816	0,830	0,855	0,683	0,859	0,845	0,661	0,637	0,666	0,737	0,766	0,819	0,852	0,849	0,894	0,730	0,957	0,853	0,652	0,649	0,663	0,748	0,756	0,716	0,842	0,849	0,896	0,674	0,862	0,811	0,637	0,627	0,651	0,737	0,758	0,725	0,859	0,882	0,920	0,699	0,875	0,877	0,637	0,617	0,621	0,743	0,765	0,729	0,864	0,879	0,944	0,736	1,073	0,839	0,649	0,626	0,631	0,779	0,785	0,736	0,929	0,923	0,978	0,741	0,905	0,987	0,648	0,684	0,684
14:10:19	37,0	0,765	0,770	0,835	0,891	0,915	0,953	0,720	0,929	0,884	0,630	0,652	0,694	0,729	0,760	0,800	0,859	0,856	0,891	0,665	0,871	0,828	0,632	0,656	0,700	0,746	0,753	0,804	0,822	0,835	0,863	0,686	0,865	0,850	0,660	0,637	0,669	0,746	0,769	0,824	0,859	0,857	0,904	0,733	0,964	0,859	0,653	0,651	0,665	0,751	0,760	0,720	0,847	0,856	0,905	0,678	0,868	0,817	0,637	0,627	0,656	0,740	0,762	0,729	0,865	0,891	0,931	0,701	0,881	0,883	0,639	0,618	0,624	0,748	0,772	0,732	0,872	0,887	0,952	0,740	1,080	0,845	0,652	0,626	0,635	0,781	0,791	0,740	0,938	0,930	0,988	0,744	0,912	0,994	0,651	0,687	0,692
14:20:19	37,0	0,764	0,772	0,841	0,898	0,921	0,959	0,721	0,933	0,887	0,632	0,653	0,692	0,732	0,765	0,808	0,866	0,866	0,899	0,669	0,878	0,833	0,632	0,655	0,699	0,750	0,756	0,813	0,829	0,842	0,871	0,690	0,871	0,856	0,664	0,638	0,668	0,751	0,775	0,828	0,865	0,864	0,912	0,736	0,970	0,864	0,654	0,652	0,667	0,755	0,764	0,725	0,856	0,862	0,913	0,679	0,873	0,821	0,638	0,629	0,659	0,743	0,769	0,735	0,874	0,897	0,938	0,706	0,885	0,889	0,638	0,618	0,626	0,751	0,774	0,737	0,880	0,894	0,961	0,743	1,087	0,850	0,652	0,630	0,637	0,784	0,796	0,746	0,945	0,936	0,994	0,750	0,918	1,003	0,649	0,690	0,692
14:30:19	37,0	0,767	0,776	0,849	0,907	0,932	0,968	0,723	0,943	0,894	0,635	0,660	0,698	0,738	0,770	0,813	0,873	0,869	0,906	0,672	0,881	0,836	0,634	0,657	0,698	0,754	0,760	0,819	0,835	0,849	0,877	0,692	0,878	0,860	0,664	0,638	0,673	0,750	0,780	0,834	0,871	0,870	0,921	0,738	0,977	0,870	0,656	0,654	0,672	0,760	0,766	0,728	0,864	0,867	0,921	0,683	0,878	0,826	0,640	0,631	0,661	0,749	0,772	0,738	0,882	0,904	0,947	0,707	0,891	0,896	0,640	0,622	0,629	0,755	0,778	0,740	0,887	0,902	0,970	0,745	1,091	0,855	0,654	0,631	0,640	0,790	0,802	0,746	0,956	0,944	1,002	0,752	0,925	1,011	0,654	0,694	0,697
14:40:19	37,0	0,771	0,779	0,857	0,914	0,939	0,975	0,727	0,949	0,900	0,641	0,662	0,696	0,742	0,774	0,819	0,879	0,875	0,913	0,674	0,888	0,840	0,635	0,660	0,707	0,758	0,765	0,824	0,841	0,854	0,883	0,694	0,883	0,866	0,665	0,640	0,673	0,756	0,783	0,838	0,877	0,876	0,928	0,742	0,983	0,876	0,658	0,656	0,674	0,767	0,769	0,731	0,870	0,874	0,927	0,685	0,883	0,830	0,641	0,632	0,666	0,756	0,778	0,741	0,889	0,912	0,956	0,709	0,897	0,902	0,641	0,622	0,631	0,759	0,782	0,744	0,894	0,908	0,977	0,748	1,098	0,860	0,655	0,632	0,641	0,792	0,803	0,751	0,964	0,951	1,010	0,756	0,931	1,018	0,654	0,697	0,701
14:50:19	37,0	0,774	0,785	0,864	0,922	0,944	0,981	0,729	0,955	0,904	0,641	0,666	0,700	0,745	0,780	0,824	0,885	0,881	0,920	0,677	0,892	0,845	0,636	0,662	0,708	0,762	0,770	0,832	0,847	0,861	0,890	0,697	0,888	0,870	0,666	0,641	0,673	0,756	0,789	0,845	0,885	0,881	0,935	0,746	0,989	0,880	0,659	0,657	0,675	0,771	0,776	0,736	0,878	0,881	0,935	0,688	0,887	0,835	0,643	0,634	0,667	0,756	0,782	0,747	0,896	0,918	0,964	0,711	0,902	0,908	0,641	0,624	0,633	0,764	0,786	0,748	0,901	0,914	0,983	0,750	1,106	0,863	0,655	0,633	0,644	0,793	0,809	0,754	0,971	0,957	1,017	0,758	0,936	1,026	0,657	0,699	0,699
15:00:19	37,0	0,781	0,790	0,872	0,930	0,952	0,987	0,729	0,962	0,910	0,640	0,664	0,701	0,745	0,783	0,830	0,891	0,886	0,927	0,678	0,896	0,849	0,638	0,663	0,710	0,766	0,773	0,837	0,855	0,866	0,896	0,699	0,893	0,875	0,667	0,642	0,680	0,765	0,793	0,850	0,892	0,887	0,942	0,747	0,994	0,886	0,661	0,658	0,678	0,774	0,780	0,739	0,883	0,888	0,943	0,690	0,893	0,839	0,644	0,636	0,669	0,760	0,785	0,750	0,902	0,924	0,971	0,714	0,907	0,917	0,640	0,623	0,635	0,769	0,789	0,752	0,907	0,920	0,990	0,753	1,111	0,869	0,656	0,632	0,644	0,798	0,811	0,759	0,980	0,963	1,024	0,761	0,942	1,032	0,657	0,702	0,702
15:10:19	37,0	0,786	0,791	0,878	0,936	0,958	0,994	0,735	0,968	0,915	0,641	0,667	0,703	0,747	0,787	0,835	0,897	0,892	0,933	0,683	0,903	0,853	0,638	0,664	0,711	0,768	0,778	0,842	0,860	0,872	0,902	0,701	0,896	0,880	0,669	0,643	0,681	0,761	0,795	0,854	0,897	0,894	0,948	0,749	0,999	0,890	0,662	0,659	0,678	0,777	0,784	0,743	0,888	0,894	0,950	0,692	0,898	0,843	0,644	0,635	0,671	0,763	0,790	0,753	0,907	0,930	0,979	0,718	0,911	0,920	0,641	0,623	0,635	0,772	0,793	0,755	0,913	0,927	0,997	0,755	1,116	0,872	0,655	0,634	0,647	0,801	0,814	0,761	0,987	0,970	1,031	0,765	0,949	1,039	0,658	0,704	0,705
15:20:19	37,0	0,788	0,794	0,884	0,943	0,964	1,001	0,736	0,974	0,920	0,642	0,668	0,703	0,751	0,791	0,841	0,903	0,900	0,939	0,684	0,909	0,857	0,639	0,666	0,710	0,771	0,781	0,847	0,870	0,878	0,909	0,703	0,902	0,885	0,669	0,645	0,682	0,765	0,799	0,860	0,906	0,899	0,957	0,752	1,004	0,894	0,663	0,658	0,678	0,779	0,789	0,746	0,895	0,899	0,957	0,694	0,903	0,847	0,643	0,637	0,672	0,766	0,795	0,756	0,915	0,934	0,984	0,720	0,916	0,928	0,642	0,625	0,636	0,774	0,796	0,759	0,920	0,933	1,003	0,757	1,121	0,878	0,656	0,636	0,646	0,806	0,819	0,766	0,994	0,976	1,037	0,766	0,954	1,046	0,659	0,706	0,704
15:30:19	37,0	0,792	0,796	0,890	0,950	0,970	1,006	0,742	0,981	0,926	0,644	0,670	0,704	0,754	0,796	0,847	0,909	0,905	0,947	0,686	0,913	0,862	0,640	0,667	0,713	0,774	0,784	0,853	0,878	0,883	0,915	0,706	0,905	0,889	0,671	0,646	0,684	0,770	0,802	0,864	0,912	0,905	0,963	0,755	1,010	0,900	0,663	0,659	0,680	0,782	0,793	0,749	0,901	0,904	0,964	0,697	0,906	0,851	0,644	0,638	0,673	0,769	0,797	0,759	0,922	0,941	0,992	0,721	0,921	0,933	0,642	0,625	0,640	0,776	0,800	0,762	0,925	0,938	1,008	0,759	1,125	0,883	0,656	0,636	0,648	0,807	0,822	0,770	1,003	0,982	1,042	0,770	0,960	1,052	0,660	0,709	0,706
15:40:19	37,0	0,795	0,799	0,894	0,957	0,976	1,012	0,748	0,987	0,931	0,647	0,672	0,705	0,755	0,802	0,852	0,915	0,911	0,953	0,690	0,918	0,867	0,641	0,666	0,717	0,778	0,788	0,858	0,883	0,887	0,921	0,709	0,910	0,893	0,671	0,646	0,685	0,769	0,807	0,869	0,916	0,912	0,970	0,756	1,016	0,904	0,663	0,661	0,682	0,788	0,795	0,752	0,909	0,909	0,970	0,700	0,911	0,856	0,645	0,638	0,675	0,772	0,801	0,762	0,929	0,946	0,998	0,724	0,925	0,937	0,642	0,626	0,641	0,781	0,803	0,766	0,933	0,944	1,016	0,761	1,131	0,888	0,656	0,636	0,652	0,810	0,826	0,771	1,009	0,988	1,048	0,772	0,966	1,057	0,662	0,711	0,709
15:50:19	37,0	0,801	0,801	0,897	0,962	0,979	1,016	0,747	0,990	0,932	0,645	0,669	0,704	0,759	0,806	0,855	0,920	0,916	0,957	0,692	0,923	0,870	0,641	0,664	0,715	0,778	0,791	0,862	0,889	0,891	0,927	0,712	0,915	0,898	0,671	0,645	0,682	0,774	0,810	0,873	0,920	0,915	0,975	0,760	1,018	0,906	0,663	0,661	0,680	0,790	0,798	0,756	0,913	0,914	0,975	0,700	0,915	0,859	0,645	0,638	0,672	0,774	0,805	0,764	0,934	0,951	1,004	0,725	0,929	0,945	0,642	0,624	0,639	0,783	0,806	0,770	0,940	0,948	1,020	0,763	1,135	0,889	0,654	0,636	0,649	0,816	0,829	0,775	1,014	0,992	1,053	0,772	0,970	1,062	0,662	0,711	0,706
16:00:19	37,0	0,803	0,806	0,902	0,967	0,985	1,021	0,748	0,995	0,937	0,644	0,670	0,703	0,764	0,808	0,860	0,924	0,919	0,964	0,692	0,927	0,874	0,640	0,668	0,711	0,786	0,795	0,867	0,895	0,896	0,933	0,714	0,919	0,902	0,670	0,646	0,684	0,777	0,814	0,878	0,924	0,920	0,981	0,761	1,023	0,910	0,663	0,661	0,682	0,794	0,802	0,758	0,918	0,918	0,981	0,702	0,918	0,863	0,645	0,639	0,675	0,779	0,808	0,768	0,939	0,955	1,008	0,727	0,933	0,949	0,641	0,625	0,639	0,786	0,810	0,773	0,947	0,953	1,026	0,766	1,138	0,894	0,654	0,635	0,649	0,817	0,832	0,781	1,020	0,997	1,058	0,777	0,975	1,065	0,663	0,712	0,706
16:10:19	37,0	0,804	0,806	0,904	0,971	0,989	1,026	0,747	0,999	0,939	0,644	0,670	0,702	0,768	0,811	0,865	0,930	0,924	0,968	0,696	0,931	0,880	0,639	0,666	0,715	0,785	0,799	0,872	0,901	0,900	0,938	0,716	0,924	0,905	0,670	0,646	0,680	0,776	0,817	0,881	0,932	0,925	0,986	0,763	1,026	0,913	0,664	0,663	0,680	0,798	0,806	0,763	0,923	0,922	0,987	0,703	0,921	0,867	0,645	0,639	0,672	0,781	0,811	0,771	0,946	0,959	1,013	0,730	0,937	0,953	0,641	0,625	0,638	0,790	0,814	0,775	0,953	0,956	1,030	0,767	1,142	0,898	0,653	0,637	0,647	0,822	0,833	0,783	1,026	1,001	1,062	0,776	0,978	1,070	0,660	0,712	0,705
16:20:19	37,0	0,808	0,811	0,908	0,977	0,992	1,030	0,751	1,003	0,944	0,642	0,670	0,705	0,771	0,815	0,870	0,934	0,930	0,973	0,697	0,935	0,882	0,639	0,665	0,716	0,791	0,803	0,877	0,909	0,901	0,943	0,717	0,928	0,911	0,670	0,646	0,680	0,782	0,822	0,886	0,936	0,928	0,993	0,767	1,029	0,916	0,662	0,663	0,682	0,801	0,810	0,765	0,928	0,927	0,991	0,704	0,926	0,871	0,645	0,637	0,673	0,786	0,815	0,774	0,952	0,962	1,017	0,733	0,942	0,958	0,642	0,625	0,639	0,793	0,818	0,779	0,958	0,960	1,035	0,767	1,145	0,901	0,653	0,636	0,648	0,825	0,839	0,785	1,031	1,005	1,066	0,779	0,981	1,074	0,660	0,714	0,707
16:30:19	37,0	0,818	0,814	0,911	0,982	0,997	1,034	0,753	1,008	0,949	0,643	0,671	0,704	0,773	0,819	0,875	0,938	0,934	0,978	0,697	0,938	0,884	0,638	0,666	0,718	0,795	0,805	0,880	0,914	0,905	0,949	0,719	0,931	0,913	0,670	0,645	0,682	0,786	0,824	0,889	0,940	0,933	0,999	0,769	1,035	0,920	0,663	0,661	0,681	0,802	0,813	0,768	0,935	0,932	0,998	0,707	0,930	0,874	0,644	0,638	0,674	0,789	0,820	0,777	0,956	0,966	1,024	0,734	0,946	0,963	0,641	0,625	0,640	0,796	0,822	0,781	0,965	0,964	1,040	0,770	1,149	0,904	0,653	0,637	0,651	0,827	0,841	0,788	1,037	1,009	1,070	0,781	0,987	1,077	0,662	0,715	0,707
16:40:19	37,0	0,820	0,816	0,913	0,986	1,001	1,038	0,755	1,013	0,953	0,644	0,672	0,704	0,776	0,819	0,879	0,943	0,937	0,984	0,699	0,943	0,888	0,638	0,668	0,717	0,798	0,809	0,885	0,920	0,909	0,952	0,721	0,935	0,916	0,669	0,646	0,681	0,788	0,828	0,893	0,944	0,936	1,004	0,770	1,039	0,922	0,663	0,662	0,682	0,805	0,817	0,771	0,938	0,935	1,001	0,708	0,934	0,876	0,644	0,640	0,672	0,791	0,823	0,780	0,961	0,969	1,028	0,734	0,949	0,966	0,641	0,625	0,639	0,799	0,827	0,784	0,971	0,968	1,044	0,772	1,151	0,908	0,651	0,635	0,649	0,828	0,844	0,788	1,041	1,012	1,073	0,782	0,990	1,081	0,661	0,717	0,707
16:50:19	37,0	0,825	0,818	0,917	0,991	1,006	1,041	0,760	1,018	0,958	0,642	0,676	0,706	0,780	0,823	0,883	0,948	0,941	0,989	0,700	0,946	0,893	0,638	0,667	0,719	0,800	0,811	0,888	0,926	0,911	0,959	0,722	0,939	0,920	0,668	0,646	0,682	0,789	0,830	0,897	0,948	0,940	1,011	0,770	1,042	0,926	0,663	0,663	0,683	0,807	0,820	0,773	0,943	0,940	1,008	0,709	0,938	0,881	0,642	0,641	0,674	0,795	0,826	0,783	0,966	0,972	1,032	0,736	0,952	0,971	0,639	0,626	0,640	0,802	0,830	0,788	0,974	0,971	1,048	0,775	1,153	0,911	0,651	0,635	0,650	0,832	0,850	0,793	1,047	1,015	1,076	0,786	0,994	1,085	0,661	0,718	0,710
17:00:19	37,0	0,826	0,821	0,918	0,996	1,008	1,044	0,762	1,022	0,962	0,643	0,676	0,705	0,783	0,827	0,887	0,953	0,945	0,994	0,702	0,951	0,896	0,636	0,669	0,721	0,801	0,816	0,891	0,930	0,915	0,964	0,723	0,944	0,923	0,666	0,646	0,684	0,798	0,833	0,900	0,953	0,943	1,014	0,770	1,046	0,929	0,662	0,663	0,683	0,814	0,823	0,777	0,947	0,944	1,011	0,711	0,941	0,885	0,641	0,640	0,676	0,799	0,829	0,786	0,970	0,976	1,037	0,739	0,956	0,974	0,638	0,625	0,642	0,806	0,832	0,790	0,979	0,974	1,052	0,775	1,157	0,915	0,650	0,636	0,652	0,836	0,852	0,795	1,052	1,019	1,078	0,786	0,997	1,088	0,661	0,719	0,712
17:10:19	37,0	0,836	0,823	0,921	1,000	1,013	1,048	0,762	1,026	0,967	0,643	0,678	0,706	0,786	0,830	0,891	0,955	0,948	0,998	0,704	0,953	0,897	0,635	0,670	0,719	0,804	0,818	0,895	0,935	0,919	0,968	0,725	0,947	0,927	0,666	0,645	0,684	0,799	0,837	0,903	0,958	0,946	1,019	0,772	1,048	0,932	0,660	0,664	0,682	0,815	0,826	0,779	0,952	0,946	1,015	0,714	0,944	0,887	0,641	0,640	0,675	0,803	0,833	0,789	0,975	0,979	1,039	0,740	0,959	0,976	0,637	0,624	0,641	0,809	0,836	0,794	0,984	0,977	1,056	0,777	1,159	0,918	0,651	0,636	0,653	0,838	0,853	0,800	1,056	1,020	1,081	0,788	1,000	1,092	0,659	0,720	0,711
17:20:19	37,0	0,840	0,830	0,923	1,005	1,016	1,050	0,765	1,030	0,972	0,649	0,680	0,704	0,790	0,832	0,894	0,960	0,952	1,001	0,706	0,957	0,901	0,636	0,671	0,720	0,809	0,821	0,898	0,938	0,922	0,972	0,726	0,948	0,930	0,666	0,646	0,685	0,799	0,840	0,906	0,965	0,949	1,024	0,773	1,052	0,935	0,660	0,664	0,684	0,821	0,830	0,781	0,958	0,950	1,018	0,716	0,948	0,889	0,640	0,641	0,676	0,807	0,836	0,792	0,979	0,981	1,044	0,742	0,962	0,981	0,637	0,624	0,645	0,812	0,838	0,796	0,989	0,980	1,055	0,780	1,161	0,921	0,650	0,635	0,654	0,840	0,858	0,803	1,060	1,024	1,082	0,790	1,004	1,095	0,658	0,720	0,714
17:30:19	37,0	0,842	0,831	0,927	1,008	1,020	1,051	0,768	1,033	0,975	0,646	0,678	0,705	0,793	0,834	0,898	0,964	0,955	1,005	0,709	0,959	0,904	0,634	0,669	0,720	0,812	0,825	0,901	0,942	0,924	0,978	0,727	0,952	0,933	0,665	0,645	0,687	0,805	0,844	0,909	0,970	0,953	1,027	0,776	1,055	0,937	0,659	0,663	0,685	0,824	0,832	0,785	0,962	0,953	1,023	0,717	0,950	0,892	0,640	0,638	0,676	0,811	0,839	0,795	0,983	0,985	1,046	0,743	0,964	0,985	0,636	0,624	0,645	0,817	0,841	0,800	0,994	0,982	1,059	0,780	1,163	0,923	0,648	0,635	0,655	0,842	0,860	0,806	1,064	1,026	1,084	0,792	1,006	1,098	0,657	0,720	0,715
17:40:19	37,0	0,845	0,834	0,929	1,011	1,022	1,053	0,767	1,035	0,977	0,644	0,679	0,706	0,798	0,837	0,901	0,968	0,958	1,010	0,710	0,963	0,908	0,634	0,669	0,719	0,814	0,830	0,904	0,947	0,927	0,982	0,729	0,955	0,935	0,663	0,644	0,685	0,805	0,848	0,912	0,973	0,957	1,030	0,778	1,057	0,941	0,658	0,662	0,684	0,823	0,836	0,787	0,965	0,955	1,027	0,718	0,953	0,895	0,639	0,638	0,678	0,813	0,843	0,798	0,987	0,987	1,048	0,743	0,966	0,989	0,635	0,624	0,644	0,820	0,845	0,803	0,998	0,984	1,060	0,781	1,164	0,927	0,646	0,636	0,655	0,851	0,863	0,809	1,067	1,027	1,085	0,792	1,008	1,100	0,654	0,720	0,713
17:50:19	37,0	0,844	0,836	0,930	1,015	1,024	1,055	0,768	1,039	0,981	0,645	0,679	0,707	0,801	0,841	0,903	0,972	0,961	1,012	0,711	0,966	0,910	0,634	0,668	0,718	0,821	0,832	0,907	0,952	0,930	0,985	0,731	0,958	0,939	0,662	0,645	0,684	0,807	0,852	0,914	0,976	0,959	1,032	0,779	1,060	0,944	0,657	0,662	0,683	0,830	0,839	0,789	0,970	0,958	1,031	0,720	0,956	0,898	0,637	0,637	0,677	0,815	0,845	0,800	0,991	0,990	1,050	0,746	0,968	0,993	0,633	0,623	0,644	0,823	0,849	0,806	1,001	0,987	1,061	0,783	1,165	0,930	0,645	0,635	0,656	0,850	0,867	0,811	1,070	1,029	1,086	0,795	1,010	1,103	0,653	0,720	0,714
18:00:19	37,0	0,849	0,840	0,934	1,018	1,027	1,056	0,768	1,041	0,985	0,644	0,679	0,709	0,806	0,845	0,904	0,976	0,962	1,016	0,712	0,969	0,912	0,633	0,667	0,717	0,823	0,834	0,909	0,955	0,932	0,988	0,733	0,960	0,941	0,662	0,644	0,683	0,812	0,854	0,917	0,980	0,962	1,033	0,780	1,063	0,946	0,657	0,661	0,684	0,829	0,842	0,792	0,974	0,960	1,034	0,721	0,958	0,900	0,636	0,636	0,678	0,818	0,847	0,803	0,995	0,991	1,052	0,746	0,970	0,995	0,633	0,622	0,645	0,825	0,851	0,808	1,005	0,989	1,063	0,783	1,166	0,931	0,643	0,633	0,654	0,852	0,869	0,815	1,072	1,031	1,087	0,797	1,012	1,106	0,650	0,719	0,713
18:10:19	37,0	0,857	0,842	0,937	1,021	1,029	1,057	0,772	1,044	0,988	0,647	0,680	0,710	0,806	0,847	0,907	0,980	0,965	1,019	0,713	0,971	0,915	0,632	0,667	0,718	0,826	0,839	0,911	0,958	0,932	0,990	0,734	0,964	0,944	0,664	0,642	0,685	0,815	0,857	0,919	0,984	0,965	1,035	0,780	1,065	0,948	0,655	0,660	0,684	0,836	0,845	0,795	0,977	0,962	1,036	0,722	0,961	0,902	0,634	0,635	0,678	0,820	0,851	0,804	1,000	0,993	1,053	0,749	0,973	0,999	0,632	0,620	0,645	0,828	0,855	0,811	1,007	0,991	1,063	0,785	1,168	0,933	0,641	0,632	0,656	0,856	0,873	0,818	1,075	1,033	1,087	0,799	1,014	1,108	0,649	0,718	0,713
18:20:19	37,0	0,858	0,846	0,939	1,023	1,030	1,057	0,773	1,047	0,990	0,645	0,679	0,711	0,809	0,849	0,909	0,985	0,966	1,015	0,714	0,975	0,917	0,632	0,667	0,717	0,828	0,844	0,913	0,960	0,934	0,990	0,735	0,966	0,946	0,662	0,642	0,683	0,814	0,861	0,922	0,986	0,967	1,037	0,782	1,067	0,951	0,654	0,660	0,684	0,839	0,848	0,798	0,982	0,964	1,039	0,723	0,963	0,905	0,632	0,634	0,679	0,826	0,854	0,807	1,003	0,994	1,056	0,751	0,975	1,002	0,629	0,621	0,646	0,830	0,859	0,813	1,009	0,992	1,064	0,786	1,169	0,936	0,639	0,632	0,657	0,863	0,876	0,820	1,078	1,034	1,086	0,803	1,016	1,110	0,649	0,718	0,713
18:30:19	37,0	0,865	0,851	0,941	1,027	1,031	1,058	0,776	1,050	0,993	0,647	0,680	0,713	0,812	0,852	0,911	0,987	0,965	1,014	0,716	0,977	0,918	0,631	0,666	0,717	0,832	0,846	0,915	0,963	0,937	0,993	0,736	0,968	0,948	0,657	0,640	0,683	0,817	0,865	0,925	0,988	0,969	1,037	0,782	1,069	0,952	0,653	0,658	0,685	0,843	0,850	0,800	0,986	0,966	1,038	0,725	0,965	0,906	0,630	0,634	0,679	0,829	0,858	0,809	1,005	0,995	1,057	0,752	0,976	1,004	0,627	0,620	0,647	0,835	0,862	0,816	1,012	0,994	1,065	0,787	1,169	0,937	0,637	0,632	0,659	0,866	0,877	0,822	1,080	1,034	1,086	0,803	1,018	1,112	0,648	0,717	0,715
18:40:19	37,0	0,865	0,857	0,944	1,028	1,032	1,057	0,778	1,051	0,995	0,648	0,679	0,712	0,815	0,855	0,914	0,989	0,968	1,015	0,717	0,978	0,921	0,629	0,666	0,718	0,836	0,849	0,917	0,965	0,939	0,996	0,737	0,970	0,950	0,656	0,640	0,683	0,821	0,868	0,926	0,991	0,970	1,036	0,784	1,071	0,955	0,651	0,658	0,685	0,846	0,853	0,802	0,988	0,967	1,039	0,725	0,967	0,907	0,629	0,632	0,680	0,830	0,861	0,812	1,010	0,996	1,058	0,753	0,977	1,008	0,625	0,619	0,648	0,840	0,865	0,818	1,015	0,994	1,065	0,788	1,169	0,940	0,635	0,631	0,660	0,868	0,881	0,826	1,081	1,035	1,085	0,806	1,019	1,115	0,647	0,716	0,713
18:50:19	37,0	0,866	0,858	0,945	1,030	1,033	1,056	0,779	1,053	0,997	0,648	0,680	0,716	0,822	0,857	0,916	0,991	0,968	1,016	0,717	0,980	0,923	0,627	0,665	0,716	0,837	0,852	0,919	0,967	0,940	0,996	0,738	0,971	0,951	0,656	0,640	0,684	0,825	0,871	0,928	0,993	0,971	1,036	0,785	1,071	0,958	0,649	0,656	0,684	0,849	0,857	0,804	0,990	0,967	1,040	0,725	0,968	0,908	0,628	0,632	0,680	0,838	0,864	0,814	1,012	0,996	1,058	0,754	0,978	1,009	0,624	0,618	0,649	0,843	0,869	0,820	1,019	0,994	1,065	0,788	1,170	0,941	0,633	0,629	0,661	0,873	0,884	0,830	1,083	1,035	1,085	0,807	1,021	1,116	0,647	0,716	0,712
19:00:19	37,0	0,873	0,863	0,948	1,032	1,033	1,056	0,781	1,055	1,000	0,647	0,680	0,717	0,822	0,859	0,917	0,993	0,970	1,017	0,718	0,982	0,924	0,625	0,663	0,716	0,842	0,854	0,921	0,969	0,940	0,998	0,738	0,972	0,954	0,654	0,640	0,683	0,825	0,874	0,930	0,995	0,974	1,037	0,785	1,072	0,959	0,647	0,656	0,685	0,851	0,860	0,806	0,991	0,967	1,040	0,725	0,969	0,910	0,626	0,631	0,681	0,838	0,868	0,816	1,014	0,997	1,058	0,753	0,978	1,012	0,622	0,616	0,650	0,847	0,871	0,823	1,022	0,994	1,063	0,788	1,170	0,942	0,631	0,628	0,661	0,881	0,888	0,833	1,083	1,035	1,084	0,807	1,022	1,118	0,647	0,714	0,710
19:10:19	37,0	0,881	0,863	0,950	1,033	1,034	1,055	0,781	1,057	1,002	0,647	0,679	0,715	0,824	0,862	0,919	0,997	0,971	1,018	0,719	0,983	0,925	0,623	0,661	0,717	0,841	0,857	0,922	0,970	0,942	0,998	0,738	0,973	0,955	0,653	0,638	0,683	0,830	0,876	0,931	0,996	0,974	1,034	0,786	1,073	0,959	0,646	0,654	0,684	0,856	0,862	0,808	0,994	0,966	1,039	0,725	0,969	0,911	0,623	0,629	0,681	0,843	0,869	0,819	1,015	0,997	1,055	0,752	0,979	1,012	0,620	0,615	0,649	0,852	0,874	0,825	1,024	0,994	1,060	0,788	1,170	0,944	0,629	0,627	0,661	0,884	0,892	0,835	1,085	1,035	1,082	0,809	1,024	1,119	0,646	0,714	0,711
19:20:19	37,0	0,886	0,868	0,952	1,035	1,034	1,054	0,782	1,059	1,003	0,644	0,679	0,715	0,825	0,865	0,920	0,998	0,971	1,017	0,719	0,984	0,927	0,622	0,660	0,716	0,846	0,861	0,924	0,971	0,944	0,999	0,739	0,975	0,957	0,650	0,637	0,682	0,834	0,878	0,933	0,998	0,976	1,037	0,786	1,075	0,960	0,644	0,654	0,685	0,860	0,865	0,810	0,996	0,966	1,036	0,725	0,971	0,911	0,621	0,628	0,680	0,848	0,872	0,821	1,017	0,998	1,055	0,752	0,980	1,014	0,618	0,613	0,649	0,857	0,877	0,827	1,024	0,994	1,059	0,789	1,170	0,944	0,628	0,626	0,661	0,888	0,897	0,840	1,086	1,035	1,081	0,808	1,025	1,121	0,645	0,714	0,709
19:30:19	37,0	0,885	0,872	0,953	1,035	1,033	1,054	0,784	1,061	1,005	0,642	0,677	0,717	0,830	0,867	0,922	0,999	0,970	1,019	0,720	0,987	0,929	0,620	0,659	0,716	0,850	0,863	0,926	0,971	0,945	0,998	0,738	0,977	0,960	0,648	0,636	0,683	0,835	0,881	0,935	0,999	0,977	1,034	0,785	1,077	0,961	0,641	0,653	0,685	0,866	0,868	0,813	0,998	0,967	1,035	0,725	0,971	0,913	0,619	0,627	0,681	0,852	0,875	0,823	1,019	0,998	1,060	0,753	0,981	1,016	0,616	0,613	0,651	0,862	0,879	0,828	1,025	0,994	1,057	0,789	1,170	0,946	0,626	0,625	0,661	0,892	0,900	0,841	1,086	1,035	1,080	0,812	1,026	1,123	0,645	0,712	0,708
19:40:19	37,0	0,894	0,878	0,957	1,036	1,032	1,052	0,786	1,063	1,008	0,644	0,679	0,715	0,834	0,870	0,924	1,001	0,970	1,017	0,720	0,987	0,931	0,618	0,656	0,718	0,855	0,865	0,927	0,972	0,945	0,998	0,739	0,977	0,961	0,646	0,635	0,683	0,840	0,884	0,936	1,001	0,975	1,034	0,785	1,079	0,963	0,640	0,652	0,685	0,870	0,870	0,815	0,999	0,966	1,032	0,725	0,973	0,913	0,618	0,625	0,683	0,856	0,876	0,825	1,020	0,998	1,060	0,752	0,981	1,017	0,615	0,613	0,651	0,867	0,882	0,831	1,026	0,993	1,056	0,789	1,170	0,947	0,625	0,624	0,661	0,894	0,905	0,847	1,087	1,034	1,079	0,812	1,028	1,125	0,646	0,712	0,708
19:50:19	37,0	0,897	0,881	0,956	1,036	1,032	1,050	0,787	1,064	1,009	0,642	0,678	0,715	0,835	0,872	0,925	1,002	0,971	1,013	0,719	0,988	0,932	0,616	0,656	0,717	0,857	0,867	0,929	0,974	0,946	0,999	0,739	0,977	0,962	0,644	0,632	0,683	0,842	0,886	0,938	1,003	0,975	1,033	0,784	1,079	0,963	0,637	0,650	0,685	0,874	0,873	0,818	1,000	0,965	1,028	0,725	0,972	0,914	0,615	0,624	0,682	0,861	0,879	0,827	1,020	0,997	1,058	0,752	0,981	1,018	0,613	0,610	0,651	0,870	0,885	0,833	1,028	0,993	1,054	0,788	1,169	0,948	0,622	0,623	0,660	0,897	0,907	0,849	1,087	1,033	1,077	0,813	1,028	1,126	0,644	0,712	0,707
20:00:19	37,0	0,899	0,885	0,959	1,036	1,033	1,049	0,788	1,066	1,011	0,642	0,679	0,715	0,840	0,874	0,926	1,003	0,970	1,013	0,720	0,988	0,933	0,616	0,655	0,717	0,860	0,870	0,930	0,975	0,946	0,999	0,739	0,977	0,963	0,643	0,630	0,682	0,847	0,888	0,939	1,004	0,975	1,032	0,786	1,080	0,965	0,637	0,649	0,684	0,877	0,876	0,819	1,002	0,964	1,031	0,725	0,973	0,915	0,613	0,622	0,683	0,864	0,883	0,829	1,022	0,996	1,057	0,753	0,982	1,019	0,610	0,609	0,650	0,876	0,888	0,835	1,030	0,993	1,053	0,788	1,169	0,949	0,620	0,622	0,660	0,902	0,909	0,852	1,088	1,032	1,075	0,815	1,030	1,127	0,643	0,710	0,706
20:10:19	37,0	0,903	0,884	0,960	1,036	1,032	1,047	0,788	1,067	1,011	0,642	0,679	0,714	0,845	0,877	0,928	1,004	0,970	1,011	0,721	0,990	0,935	0,613	0,654	0,718	0,863	0,872	0,932	0,975	0,946	0,995	0,739	0,978	0,964	0,642	0,629	0,681	0,849	0,891	0,941	1,005	0,975	1,029	0,786	1,080	0,966	0,634	0,648	0,683	0,882	0,878	0,820	1,003	0,963	1,030	0,726	0,973	0,916	0,611	0,621	0,681	0,868	0,885	0,831	1,022	0,996	1,056	0,753	0,983	1,020	0,608	0,608	0,650	0,876	0,891	0,838	1,031	0,992	1,052	0,789	1,169	0,949	0,618	0,621	0,658	0,905	0,913	0,853	1,088	1,032	1,073	0,814	1,031	1,128	0,642	0,709	0,705
20:20:19	37,0	0,904	0,892	0,962	1,036	1,031	1,044	0,790	1,069	1,013	0,640	0,679	0,714	0,849	0,880	0,929	1,005	0,970	1,010	0,721	0,990	0,935	0,611	0,653	0,717	0,867	0,875	0,933	0,975	0,946	0,995	0,739	0,980	0,964	0,641	0,630	0,682	0,854	0,894	0,942	1,005	0,974	1,026	0,785	1,080	0,967	0,632	0,646	0,684	0,885	0,881	0,822	1,003	0,962	1,028	0,726	0,973	0,915	0,610	0,619	0,683	0,872	0,887	0,833	1,024	0,995	1,056	0,752	0,983	1,021	0,606	0,606	0,650	0,877	0,893	0,839	1,031	0,992	1,050	0,788	1,169	0,951	0,616	0,619	0,659	0,907	0,915	0,856	1,087	1,030	1,071	0,815	1,032	1,129	0,642	0,709	0,705
20:30:19	37,0	0,908	0,894	0,963	1,036	1,030	1,043	0,790	1,070	1,014	0,639	0,678	0,713	0,854	0,881	0,930	1,006	0,970	1,006	0,721	0,991	0,935	0,610	0,653	0,716	0,870	0,877	0,933	0,974	0,946	0,993	0,738	0,981	0,964	0,639	0,627	0,680	0,857	0,897	0,943	1,004	0,974	1,031	0,784	1,081	0,967	0,630	0,644	0,683	0,890	0,883	0,824	1,003	0,961	1,026	0,725	0,973	0,916	0,607	0,619	0,681	0,874	0,889	0,834	1,024	0,994	1,054	0,752	0,982	1,022	0,605	0,605	0,649	0,879	0,896	0,841	1,031	0,991	1,048	0,788	1,169	0,952	0,614	0,617	0,657	0,910	0,918	0,858	1,087	1,029	1,069	0,817	1,032	1,130	0,641	0,708	0,704
20:40:19	37,0	0,906	0,895	0,964	1,036	1,028	1,041	0,789	1,071	1,016	0,639	0,679	0,712	0,857	0,884	0,932	1,007	0,971	1,004	0,720	0,991	0,935	0,609	0,651	0,716	0,873	0,880	0,934	0,974	0,945	0,993	0,737	0,981	0,964	0,636	0,625	0,680	0,858	0,898	0,944	1,004	0,975	1,025	0,783	1,081	0,968	0,629	0,642	0,682	0,893	0,885	0,825	1,005	0,959	1,024	0,724	0,974	0,916	0,606	0,617	0,681	0,878	0,891	0,836	1,026	0,993	1,053	0,752	0,982	1,023	0,603	0,605	0,648	0,885	0,898	0,842	1,032	0,990	1,048	0,787	1,168	0,952	0,613	0,617	0,656	0,909	0,919	0,859	1,087	1,027	1,067	0,815	1,033	1,131	0,640	0,706	0,702
20:50:19	37,0	0,908	0,897	0,967	1,035	1,028	1,037	0,791	1,073	1,017	0,639	0,680	0,711	0,860	0,886	0,932	1,006	0,968	0,997	0,720	0,992	0,936	0,607	0,648	0,717	0,875	0,881	0,934	0,975	0,946	0,992	0,737	0,980	0,964	0,633	0,623	0,680	0,861	0,901	0,944	1,004	0,974	1,014	0,782	1,081	0,969	0,627	0,641	0,683	0,895	0,887	0,826	1,005	0,959	1,024	0,722	0,973	0,917	0,605	0,616	0,681	0,882	0,893	0,836	1,026	0,992	1,050	0,751	0,981	1,024	0,601	0,604	0,649	0,885	0,901	0,845	1,033	0,989	1,045	0,785	1,167	0,952	0,611	0,615	0,657	0,910	0,920	0,858	1,087	1,027	1,065	0,817	1,034	1,132	0,639	0,705	0,701
21:00:19	37,0	0,907	0,899	0,967	1,034	1,026	1,036	0,793	1,073	1,018	0,638	0,681	0,711	0,863	0,888	0,933	1,006	0,966	0,996	0,720	0,992	0,937	0,605	0,646	0,716	0,879	0,883	0,936	0,973	0,946	0,990	0,736	0,980	0,964	0,631	0,621	0,679	0,866	0,903	0,945	1,003	0,974	1,012	0,781	1,080	0,969	0,625	0,640	0,682	0,898	0,889	0,827	1,006	0,958	1,021	0,721	0,973	0,916	0,604	0,615	0,680	0,884	0,895	0,837	1,026	0,992	1,049	0,750	0,982	1,024	0,600	0,603	0,648	0,886	0,903	0,846	1,032	0,988	1,044	0,784	1,167	0,953	0,610	0,614	0,654	0,914	0,923	0,862	1,087	1,025	1,063	0,818	1,035	1,133	0,638	0,705	0,701
21:10:19	37,0	0,913	0,903	0,968	1,032	1,026	1,034	0,794	1,074	1,019	0,638	0,681	0,710	0,867	0,890	0,933	1,006	0,964	0,993	0,720	0,992	0,937	0,602	0,645	0,715	0,881	0,885	0,936	0,972	0,946	0,988	0,734	0,981	0,967	0,629	0,619	0,679	0,867	0,905	0,945	1,002	0,973	1,005	0,782	1,082	0,969	0,623	0,639	0,683	0,899	0,892	0,829	1,005	0,958	1,018	0,720	0,973	0,916	0,601	0,614	0,679	0,884	0,897	0,838	1,026	0,990	1,046	0,749	0,981	1,025	0,598	0,602	0,646	0,889	0,906	0,847	1,032	0,987	1,042	0,784	1,166	0,952	0,608	0,612	0,654	0,922	0,924	0,862	1,087	1,024	1,061	0,818	1,035	1,133	0,636	0,705	0,700
21:20:19	37,0	0,916	0,904	0,970	1,033	1,024	1,031	0,795	1,076	1,021	0,637	0,681	0,711	0,870	0,891	0,935	1,006	0,963	0,992	0,719	0,991	0,939	0,598	0,643	0,715	0,883	0,887	0,937	0,971	0,945	0,988	0,734	0,981	0,968	0,627	0,619	0,679	0,868	0,907	0,946	1,002	0,971	1,003	0,780	1,083	0,969	0,622	0,638	0,682	0,900	0,893	0,830	1,004	0,956	1,010	0,720	0,973	0,917	0,600	0,613	0,679	0,886	0,900	0,838	1,027	0,989	1,046	0,748	0,982	1,027	0,597	0,599	0,647	0,890	0,907	0,849	1,031	0,986	1,039	0,783	1,166	0,953	0,607	0,613	0,654	0,925	0,924	0,860	1,087	1,022	1,060	0,820	1,036	1,134	0,636	0,704	0,699
21:30:19	37,0	0,915	0,906	0,970	1,031	1,023	1,028	0,796	1,077	1,022	0,637	0,682	0,710	0,872	0,894	0,935	1,005	0,963	0,990	0,718	0,993	0,939	0,598	0,642	0,715	0,884	0,889	0,938	0,971	0,945	0,985	0,733	0,981	0,968	0,625	0,619	0,678	0,869	0,909	0,947	1,002	0,970	1,001	0,779	1,083	0,969	0,621	0,637	0,681	0,900	0,896	0,831	1,003	0,955	1,008	0,719	0,973	0,917	0,599	0,611	0,678	0,888	0,902	0,839	1,028	0,988	1,044	0,746	0,982	1,027	0,595	0,599	0,647	0,890	0,909	0,850	1,030	0,984	1,038	0,783	1,165	0,954	0,605	0,612	0,653	0,928	0,925	0,862	1,086	1,021	1,058	0,821	1,035	1,134	0,634	0,703	0,697
21:40:19	37,0	0,920	0,903	0,969	1,030	1,021	1,026	0,793	1,077	1,021	0,634	0,679	0,709	0,873	0,895	0,936	1,004	0,962	0,987	0,717	0,992	0,940	0,595	0,641	0,713	0,887	0,890	0,938	0,970	0,945	0,983	0,734	0,981	0,968	0,623	0,619	0,677	0,871	0,911	0,947	1,001	0,969	0,998	0,778	1,082	0,969	0,620	0,638	0,680	0,903	0,896	0,831	1,003	0,953	1,005	0,718	0,973	0,917	0,598	0,609	0,676	0,890	0,903	0,840	1,026	0,987	1,042	0,744	0,982	1,028	0,594	0,598	0,644	0,894	0,910	0,850	1,029	0,983	1,036	0,782	1,165	0,953	0,604	0,611	0,652	0,924	0,928	0,861	1,086	1,020	1,056	0,823	1,036	1,133	0,632	0,701	0,695
21:50:19	37,0	0,918	0,902	0,971	1,030	1,020	1,023	0,793	1,078	1,023	0,634	0,680	0,709	0,876	0,896	0,936	1,003	0,964	0,986	0,717	0,993	0,941	0,594	0,641	0,713	0,887	0,892	0,939	0,969	0,944	0,982	0,732	0,981	0,970	0,621	0,617	0,677	0,871	0,911	0,947	1,001	0,968	0,997	0,777	1,083	0,970	0,618	0,637	0,680	0,905	0,898	0,832	1,002	0,952	1,003	0,719	0,973	0,917	0,595	0,610	0,678	0,892	0,904	0,839	1,026	0,986	1,040	0,743	0,982	1,029	0,593	0,597	0,646	0,896	0,912	0,852	1,029	0,982	1,035	0,782	1,165	0,954	0,603	0,611	0,653	0,925	0,929	0,862	1,085	1,018	1,055	0,822	1,037	1,134	0,631	0,701	0,696
22:00:19	37,0	0,922	0,908	0,970	1,028	1,017	1,021	0,793	1,079	1,022	0,632	0,677	0,709	0,876	0,899	0,937	1,002	0,963	0,984	0,716	0,994	0,940	0,591	0,638	0,711	0,888	0,893	0,939	0,968	0,943	0,981	0,732	0,981	0,969	0,619	0,617	0,676	0,872	0,914	0,948	1,000	0,967	0,994	0,776	1,083	0,970	0,617	0,635	0,677	0,906	0,900	0,832	1,000	0,950	1,000	0,718	0,973	0,918	0,594	0,610	0,675	0,893	0,904	0,840	1,025	0,984	1,039	0,742	0,980	1,030	0,592	0,596	0,644	0,896	0,913	0,852	1,028	0,981	1,032	0,781	1,164	0,954	0,602	0,611	0,650	0,925	0,927	0,862	1,085	1,017	1,053	0,822	1,037	1,133	0,630	0,700	0,694
22:10:19	37,0	0,923	0,910	0,971	1,027	1,016	1,019	0,793	1,080	1,024	0,632	0,677	0,709	0,877	0,899	0,937	1,002	0,962	0,981	0,714	0,995	0,940	0,591	0,640	0,713	0,890	0,894	0,939	0,966	0,943	0,979	0,731	0,981	0,970	0,618	0,614	0,676	0,873	0,914	0,949	1,000	0,966	0,992	0,776	1,084	0,970	0,614	0,634	0,678	0,904	0,902	0,832	0,999	0,950	0,998	0,716	0,973	0,918	0,593	0,608	0,676	0,894	0,906	0,839	1,024	0,984	1,038	0,742	0,981	1,030	0,591	0,595	0,644	0,896	0,915	0,853	1,027	0,980	1,031	0,781	1,164	0,954	0,600	0,610	0,652	0,931	0,930	0,863	1,084	1,016	1,051	0,823	1,037	1,134	0,629	0,700	0,693
22:20:19	37,0	0,920	0,911	0,970	1,025	1,014	1,018	0,793	1,079	1,024	0,630	0,674	0,707	0,879	0,900	0,937	1,001	0,960	0,978	0,713	0,995	0,939	0,591	0,638	0,711	0,891	0,895	0,939	0,964	0,944	0,978	0,730	0,981	0,969	0,616	0,612	0,675	0,877	0,914	0,949	0,999	0,966	0,990	0,774	1,084	0,970	0,613	0,633	0,675	0,904	0,903	0,832	0,998	0,947	0,997	0,715	0,972	0,918	0,592	0,606	0,674	0,896	0,906	0,840	1,024	0,983	1,036	0,742	0,980	1,029	0,590	0,594	0,642	0,899	0,915	0,854	1,026	0,979	1,029	0,779	1,163	0,953	0,599	0,607	0,649	0,932	0,930	0,862	1,084	1,015	1,050	0,823	1,037	1,134	0,627	0,699	0,694
22:30:19	37,0	0,917	0,910	0,972	1,025	1,013	1,016	0,794	1,080	1,024	0,629	0,674	0,708	0,881	0,902	0,937	1,000	0,960	0,977	0,712	0,994	0,940	0,590	0,637	0,711	0,892	0,896	0,940	0,961	0,943	0,976	0,729	0,981	0,970	0,615	0,612	0,675	0,878	0,915	0,948	0,999	0,965	0,988	0,774	1,083	0,970	0,612	0,632	0,676	0,907	0,904	0,832	0,998	0,947	0,995	0,714	0,971	0,917	0,591	0,605	0,674	0,895	0,907	0,839	1,022	0,982	1,035	0,740	0,981	1,030	0,588	0,594	0,642	0,900	0,917	0,853	1,026	0,978	1,028	0,778	1,163	0,954	0,598	0,606	0,650	0,932	0,932	0,863	1,083	1,014	1,049	0,822	1,038	1,134	0,627	0,699	0,692
22:40:19	37,0	0,923	0,912	0,973	1,024	1,012	1,015	0,796	1,082	1,026	0,630	0,674	0,707	0,881	0,903	0,938	0,999	0,961	0,974	0,711	0,993	0,941	0,590	0,637	0,712	0,893	0,897	0,940	0,960	0,944	0,974	0,728	0,981	0,970	0,615	0,611	0,674	0,878	0,916	0,949	0,998	0,963	0,987	0,772	1,084	0,971	0,610	0,631	0,676	0,910	0,904	0,832	0,997	0,947	0,993	0,714	0,973	0,918	0,589	0,604	0,674	0,899	0,909	0,839	1,023	0,981	1,035	0,741	0,981	1,031	0,586	0,593	0,644	0,897	0,918	0,854	1,026	0,977	1,027	0,777	1,163	0,953	0,597	0,607	0,651	0,936	0,932	0,862	1,082	1,013	1,048	0,823	1,038	1,134	0,628	0,699	0,693
22:50:19	37,0	0,926	0,909	0,972	1,022	1,011	1,013	0,795	1,082	1,025	0,628	0,671	0,706	0,883	0,904	0,937	0,997	0,960	0,973	0,710	0,992	0,938	0,589	0,634	0,710	0,894	0,898	0,939	0,959	0,944	0,973	0,726	0,980	0,970	0,614	0,610	0,673	0,879	0,916	0,949	0,997	0,963	0,985	0,771	1,082	0,970	0,608	0,628	0,674	0,908	0,905	0,831	0,996	0,943	0,989	0,713	0,972	0,917	0,588	0,604	0,672	0,899	0,909	0,838	1,022	0,979	1,033	0,741	0,981	1,032	0,585	0,592	0,641	0,900	0,919	0,853	1,024	0,976	1,025	0,775	1,162	0,953	0,597	0,605	0,649	0,935	0,934	0,861	1,081	1,012	1,046	0,822	1,037	1,133	0,626	0,699	0,691
23:00:19	37,0	0,932	0,914	0,973	1,021	1,009	1,012	0,796	1,082	1,026	0,627	0,670	0,706	0,884	0,905	0,938	0,995	0,959	0,972	0,708	0,992	0,938	0,587	0,632	0,709	0,896	0,899	0,939	0,957	0,943	0,972	0,725	0,979	0,969	0,612	0,609	0,672	0,880	0,916	0,949	0,996	0,963	0,984	0,769	1,082	0,970	0,606	0,627	0,674	0,908	0,906	0,831	0,996	0,941	0,986	0,713	0,972	0,916	0,587	0,602	0,671	0,899	0,910	0,837	1,021	0,979	1,033	0,739	0,982	1,032	0,584	0,591	0,641	0,903	0,920	0,853	1,024	0,976	1,024	0,774	1,162	0,955	0,596	0,605	0,649	0,940	0,933	0,863	1,081	1,011	1,046	0,821	1,037	1,133	0,624	0,698	0,689
23:10:19	37,0	0,926	0,910	0,973	1,020	1,007	1,010	0,793	1,082	1,024	0,625	0,668	0,706	0,885	0,906	0,938	0,994	0,958	0,970	0,707	0,994	0,938	0,586	0,633	0,707	0,896	0,900	0,939	0,956	0,943	0,969	0,724	0,979	0,969	0,612	0,607	0,671	0,881	0,917	0,949	0,995	0,962	0,982	0,769	1,081	0,970	0,605	0,627	0,672	0,909	0,907	0,831	0,995	0,941	0,983	0,711	0,971	0,917	0,586	0,602	0,670	0,901	0,911	0,837	1,020	0,978	1,031	0,739	0,981	1,032	0,583	0,591	0,639	0,903	0,920	0,853	1,022	0,975	1,023	0,772	1,161	0,954	0,595	0,604	0,648	0,942	0,933	0,860	1,080	1,010	1,044	0,821	1,037	1,133	0,624	0,699	0,688
23:20:19	36,9	0,920	0,910	0,972	1,020	1,006	1,009	0,794	1,081	1,024	0,624	0,670	0,705	0,886	0,906	0,938	0,994	0,957	0,968	0,705	0,993	0,939	0,586	0,632	0,705	0,897	0,900	0,939	0,954	0,943	0,967	0,722	0,979	0,970	0,613	0,607	0,671	0,882	0,917	0,950	0,993	0,960	0,981	0,768	1,081	0,969	0,605	0,625	0,671	0,908	0,907	0,830	0,994	0,939	0,984	0,709	0,971	0,917	0,585	0,600	0,669	0,900	0,911	0,836	1,019	0,977	1,031	0,737	0,981	1,032	0,582	0,589	0,640	0,903	0,921	0,852	1,022	0,974	1,022	0,771	1,161	0,954	0,593	0,602	0,647	0,943	0,934	0,858	1,080	1,009	1,043	0,821	1,037	1,133	0,623	0,699	0,685
23:30:19	37,0	0,930	0,912	0,974	1,020	1,005	1,008	0,796	1,083	1,026	0,625	0,669	0,706	0,887	0,907	0,938	0,992	0,958	0,966	0,703	0,992	0,939	0,585	0,632	0,706	0,898	0,900	0,939	0,954	0,943	0,966	0,721	0,979	0,971	0,611	0,606	0,673	0,882	0,917	0,950	0,993	0,959	0,980	0,766	1,082	0,972	0,605	0,625	0,672	0,910	0,908	0,828	0,995	0,939	0,979	0,708	0,971	0,918	0,584	0,599	0,671	0,903	0,912	0,835	1,020	0,977	1,031	0,735	0,983	1,033	0,581	0,590	0,641	0,902	0,921	0,852	1,022	0,973	1,021	0,771	1,161	0,956	0,593	0,602	0,650	0,945	0,935	0,858	1,079	1,009	1,043	0,820	1,037	1,134	0,623	0,701	0,686
23:40:19	37,0	0,930	0,911	0,973	1,018	1,004	1,006	0,794	1,081	1,025	0,622	0,670	0,704	0,886	0,907	0,937	0,991	0,958	0,965	0,703	0,991	0,940	0,585	0,629	0,704	0,897	0,900	0,939	0,953	0,942	0,964	0,721	0,980	0,970	0,608	0,605	0,670	0,882	0,918	0,950	0,991	0,959	0,979	0,765	1,081	0,973	0,605	0,624	0,670	0,911	0,908	0,828	0,994	0,937	0,972	0,707	0,972	0,918	0,583	0,598	0,668	0,901	0,912	0,834	1,018	0,976	1,030	0,734	0,983	1,033	0,580	0,589	0,638	0,903	0,921	0,852	1,021	0,973	1,021	0,770	1,161	0,956	0,593	0,603	0,647	0,943	0,935	0,858	1,078	1,007	1,042	0,820	1,037	1,133	0,622	0,701	0,686