Time	TOpticalDensity600	A1	A2	A3	A4	A5	A6	A7	A8	A9	A10	A11	A12	B1	B2	B3	B4	B5	B6	B7	B8	B9	B10	B11	B12	C1	C2	C3	C4	C5	C6	C7	C8	C9	C10	C11	C12	D1	D2	D3	D4	D5	D6	D7	D8	D9	D10	D11	D12	E1	E2	E3	E4	E5	E6	E7	E8	E9	E10	E11	E12	F1	F2	F3	F4	F5	F6	F7	F8	F9	F10	F11	F12	G1	G2	G3	G4	G5	G6	G7	G8	G9	G10	G11	G12	H1	H2	H3	H4	H5	H6	H7	H8	H9	H10	H11	H12
0:00:19	27,3	0,093	0,090	0,091	0,093	0,090	0,090	0,089	0,093	0,091	0,093	0,091	0,090	0,095	0,093	0,092	0,100	0,095	0,092	0,091	0,091	0,093	0,092	0,091	0,092	0,093	0,090	0,092	0,093	0,092	0,091	0,095	0,094	0,095	0,098	0,096	0,093	0,094	0,092	0,093	0,096	0,346	0,092	0,092	0,090	0,095	0,097	0,092	0,093	0,094	0,092	0,092	0,093	0,093	0,093	0,092	0,091	0,091	0,093	0,092	0,095	0,094	0,093	0,092	0,093	0,089	0,094	0,093	0,093	0,095	0,099	0,094	0,092	0,093	0,092	0,095	0,092	0,093	0,093	0,092	0,091	0,089	0,094	0,093	0,093	0,092	0,092	0,094	0,097	0,091	0,091	0,096	0,094	0,093	0,092	0,094	0,093
0:10:19	37,0	0,093	0,091	0,091	0,093	0,090	0,090	0,089	0,093	0,091	0,092	0,091	0,090	0,094	0,092	0,091	0,100	0,094	0,092	0,091	0,091	0,092	0,092	0,091	0,092	0,092	0,089	0,092	0,093	0,091	0,091	0,095	0,093	0,094	0,097	0,096	0,092	0,094	0,092	0,092	0,095	0,370	0,091	0,092	0,090	0,094	0,097	0,092	0,093	0,094	0,091	0,092	0,093	0,093	0,092	0,092	0,091	0,091	0,092	0,092	0,095	0,094	0,093	0,092	0,092	0,089	0,094	0,092	0,092	0,095	0,099	0,093	0,092	0,092	0,092	0,095	0,092	0,093	0,093	0,091	0,091	0,089	0,093	0,093	0,093	0,091	0,092	0,094	0,096	0,090	0,091	0,095	0,094	0,092	0,092	0,093	0,092
0:20:19	37,0	0,093	0,091	0,091	0,093	0,090	0,091	0,089	0,093	0,091	0,093	0,091	0,090	0,094	0,092	0,091	0,100	0,094	0,092	0,091	0,091	0,093	0,092	0,091	0,092	0,092	0,089	0,092	0,093	0,091	0,091	0,095	0,093	0,095	0,098	0,096	0,093	0,093	0,091	0,092	0,095	0,395	0,092	0,092	0,090	0,094	0,097	0,092	0,093	0,094	0,091	0,092	0,093	0,093	0,092	0,091	0,091	0,091	0,092	0,092	0,095	0,093	0,093	0,092	0,092	0,089	0,094	0,092	0,092	0,094	0,099	0,093	0,092	0,092	0,092	0,095	0,092	0,092	0,093	0,091	0,091	0,089	0,094	0,093	0,093	0,091	0,092	0,094	0,096	0,090	0,091	0,095	0,094	0,093	0,092	0,093	0,092
0:30:19	37,0	0,093	0,091	0,092	0,094	0,091	0,091	0,089	0,094	0,092	0,093	0,092	0,091	0,095	0,093	0,092	0,101	0,095	0,093	0,091	0,092	0,093	0,093	0,091	0,093	0,093	0,090	0,093	0,093	0,092	0,092	0,095	0,094	0,095	0,098	0,096	0,094	0,094	0,092	0,093	0,096	0,395	0,092	0,092	0,091	0,095	0,098	0,092	0,093	0,094	0,092	0,093	0,093	0,093	0,093	0,091	0,091	0,091	0,093	0,092	0,095	0,094	0,093	0,092	0,093	0,090	0,094	0,092	0,092	0,094	0,099	0,094	0,093	0,093	0,092	0,095	0,093	0,093	0,093	0,091	0,091	0,089	0,094	0,093	0,094	0,092	0,092	0,095	0,097	0,091	0,091	0,095	0,094	0,093	0,093	0,094	0,093
0:40:19	37,0	0,094	0,092	0,093	0,095	0,092	0,093	0,090	0,096	0,093	0,094	0,092	0,092	0,095	0,093	0,093	0,102	0,095	0,094	0,091	0,093	0,094	0,094	0,092	0,093	0,093	0,091	0,094	0,094	0,093	0,093	0,095	0,095	0,096	0,099	0,097	0,095	0,095	0,093	0,094	0,097	0,397	0,093	0,092	0,091	0,095	0,099	0,093	0,095	0,095	0,093	0,093	0,094	0,094	0,094	0,092	0,092	0,092	0,094	0,093	0,096	0,095	0,094	0,093	0,094	0,090	0,095	0,092	0,093	0,095	0,101	0,094	0,094	0,094	0,093	0,097	0,094	0,093	0,094	0,092	0,092	0,090	0,095	0,094	0,095	0,093	0,093	0,096	0,098	0,092	0,093	0,095	0,095	0,093	0,094	0,095	0,094
0:50:19	37,0	0,096	0,094	0,095	0,097	0,093	0,095	0,090	0,098	0,094	0,096	0,094	0,094	0,097	0,095	0,095	0,103	0,097	0,096	0,092	0,094	0,096	0,096	0,093	0,096	0,095	0,092	0,096	0,096	0,094	0,095	0,096	0,096	0,098	0,100	0,098	0,097	0,096	0,094	0,095	0,098	0,399	0,094	0,093	0,092	0,097	0,100	0,095	0,096	0,096	0,094	0,095	0,096	0,095	0,096	0,093	0,094	0,094	0,096	0,094	0,098	0,096	0,096	0,095	0,096	0,091	0,097	0,093	0,094	0,097	0,102	0,096	0,096	0,095	0,094	0,099	0,095	0,095	0,096	0,092	0,093	0,090	0,096	0,095	0,097	0,094	0,094	0,099	0,100	0,093	0,094	0,096	0,096	0,094	0,096	0,096	0,096
1:00:19	37,0	0,098	0,096	0,098	0,100	0,096	0,097	0,092	0,101	0,097	0,099	0,096	0,097	0,099	0,097	0,097	0,106	0,099	0,099	0,093	0,096	0,099	0,099	0,095	0,098	0,097	0,094	0,099	0,099	0,096	0,098	0,097	0,099	0,100	0,103	0,100	0,100	0,098	0,096	0,098	0,102	0,401	0,097	0,094	0,095	0,100	0,103	0,096	0,099	0,098	0,096	0,097	0,099	0,098	0,098	0,094	0,096	0,097	0,098	0,096	0,100	0,098	0,098	0,097	0,098	0,093	0,100	0,094	0,096	0,100	0,104	0,098	0,099	0,097	0,097	0,102	0,098	0,097	0,098	0,093	0,095	0,092	0,099	0,097	0,100	0,096	0,096	0,102	0,102	0,095	0,098	0,097	0,098	0,096	0,098	0,098	0,099
1:10:19	37,0	0,101	0,100	0,102	0,104	0,099	0,102	0,093	0,105	0,102	0,103	0,099	0,102	0,102	0,101	0,102	0,111	0,102	0,103	0,094	0,100	0,103	0,103	0,098	0,103	0,100	0,097	0,103	0,103	0,099	0,102	0,099	0,102	0,105	0,107	0,103	0,104	0,101	0,099	0,103	0,106	0,402	0,101	0,096	0,097	0,104	0,107	0,099	0,103	0,100	0,099	0,101	0,103	0,101	0,102	0,095	0,100	0,101	0,102	0,099	0,104	0,101	0,101	0,101	0,103	0,097	0,103	0,095	0,100	0,104	0,108	0,101	0,102	0,100	0,100	0,106	0,102	0,100	0,102	0,095	0,098	0,094	0,102	0,100	0,104	0,099	0,099	0,106	0,107	0,099	0,101	0,099	0,102	0,098	0,101	0,101	0,104
1:20:19	37,0	0,106	0,104	0,108	0,111	0,105	0,107	0,095	0,111	0,108	0,108	0,103	0,107	0,107	0,105	0,108	0,116	0,107	0,109	0,097	0,105	0,110	0,108	0,102	0,109	0,105	0,102	0,109	0,110	0,104	0,108	0,101	0,108	0,110	0,112	0,107	0,110	0,105	0,103	0,109	0,112	0,404	0,107	0,097	0,102	0,110	0,109	0,103	0,110	0,103	0,104	0,105	0,109	0,105	0,109	0,097	0,106	0,107	0,107	0,103	0,109	0,106	0,105	0,106	0,109	0,101	0,109	0,097	0,105	0,110	0,113	0,104	0,108	0,104	0,104	0,113	0,109	0,105	0,108	0,097	0,103	0,098	0,108	0,104	0,111	0,103	0,104	0,113	0,113	0,104	0,107	0,100	0,107	0,102	0,106	0,105	0,110
1:30:19	37,0	0,113	0,112	0,117	0,121	0,113	0,118	0,098	0,119	0,118	0,116	0,110	0,117	0,113	0,112	0,116	0,126	0,116	0,119	0,099	0,112	0,119	0,117	0,108	0,118	0,111	0,109	0,118	0,120	0,113	0,117	0,103	0,116	0,120	0,120	0,113	0,120	0,112	0,110	0,119	0,122	0,405	0,116	0,100	0,109	0,119	0,117	0,109	0,119	0,108	0,111	0,113	0,119	0,114	0,118	0,100	0,114	0,116	0,115	0,109	0,117	0,112	0,112	0,113	0,118	0,108	0,118	0,100	0,112	0,119	0,121	0,111	0,116	0,110	0,111	0,123	0,118	0,112	0,117	0,100	0,110	0,102	0,115	0,110	0,120	0,109	0,110	0,124	0,123	0,111	0,117	0,103	0,114	0,106	0,114	0,111	0,120
1:40:19	37,0	0,121	0,121	0,127	0,134	0,126	0,130	0,102	0,130	0,131	0,128	0,119	0,130	0,123	0,122	0,127	0,138	0,127	0,132	0,103	0,122	0,133	0,129	0,117	0,132	0,120	0,118	0,130	0,132	0,124	0,129	0,108	0,128	0,133	0,132	0,122	0,133	0,121	0,118	0,129	0,135	0,407	0,127	0,104	0,118	0,132	0,129	0,118	0,133	0,115	0,121	0,122	0,130	0,124	0,130	0,104	0,125	0,127	0,127	0,118	0,128	0,120	0,121	0,122	0,130	0,119	0,129	0,104	0,122	0,131	0,132	0,120	0,128	0,118	0,119	0,135	0,130	0,123	0,130	0,103	0,120	0,109	0,126	0,119	0,133	0,117	0,118	0,137	0,136	0,123	0,130	0,107	0,124	0,114	0,126	0,120	0,134
1:50:19	36,9	0,134	0,133	0,138	0,148	0,141	0,147	0,107	0,143	0,145	0,143	0,133	0,145	0,134	0,133	0,139	0,152	0,141	0,147	0,109	0,137	0,147	0,144	0,131	0,150	0,132	0,129	0,141	0,145	0,136	0,144	0,113	0,140	0,146	0,146	0,136	0,150	0,134	0,129	0,140	0,149	0,412	0,143	0,110	0,130	0,146	0,143	0,131	0,149	0,124	0,132	0,131	0,144	0,136	0,143	0,110	0,138	0,141	0,141	0,132	0,143	0,131	0,133	0,133	0,146	0,131	0,145	0,109	0,134	0,144	0,147	0,133	0,145	0,128	0,131	0,148	0,143	0,135	0,144	0,108	0,133	0,119	0,140	0,133	0,148	0,128	0,130	0,147	0,151	0,136	0,145	0,112	0,138	0,124	0,141	0,133	0,150
2:00:19	37,0	0,147	0,147	0,154	0,166	0,155	0,164	0,114	0,156	0,161	0,159	0,150	0,161	0,146	0,148	0,156	0,169	0,157	0,164	0,116	0,151	0,164	0,159	0,146	0,166	0,146	0,143	0,155	0,164	0,153	0,161	0,121	0,154	0,161	0,160	0,151	0,166	0,147	0,142	0,157	0,169	0,415	0,160	0,117	0,143	0,165	0,158	0,147	0,167	0,134	0,146	0,144	0,162	0,149	0,159	0,116	0,151	0,154	0,157	0,147	0,159	0,145	0,147	0,146	0,163	0,147	0,162	0,116	0,149	0,159	0,161	0,148	0,161	0,142	0,144	0,165	0,160	0,149	0,160	0,116	0,146	0,133	0,154	0,149	0,164	0,140	0,144	0,165	0,168	0,150	0,160	0,119	0,153	0,138	0,158	0,148	0,166
2:10:19	37,0	0,163	0,163	0,173	0,188	0,175	0,186	0,123	0,173	0,178	0,174	0,163	0,178	0,164	0,167	0,177	0,191	0,180	0,187	0,125	0,166	0,182	0,176	0,161	0,181	0,162	0,161	0,176	0,187	0,173	0,184	0,128	0,171	0,182	0,176	0,167	0,183	0,163	0,158	0,181	0,191	0,427	0,181	0,124	0,160	0,183	0,174	0,164	0,184	0,145	0,164	0,160	0,186	0,172	0,181	0,124	0,172	0,175	0,175	0,163	0,177	0,161	0,164	0,162	0,185	0,166	0,182	0,124	0,167	0,177	0,179	0,165	0,178	0,158	0,160	0,185	0,182	0,169	0,181	0,125	0,162	0,146	0,168	0,165	0,182	0,154	0,160	0,185	0,189	0,169	0,182	0,128	0,171	0,153	0,174	0,165	0,184
2:20:19	37,0	0,182	0,184	0,193	0,211	0,197	0,210	0,133	0,195	0,204	0,196	0,181	0,206	0,183	0,187	0,195	0,213	0,203	0,210	0,135	0,188	0,208	0,195	0,179	0,207	0,182	0,182	0,202	0,211	0,195	0,206	0,137	0,196	0,207	0,200	0,186	0,209	0,183	0,180	0,207	0,215	0,438	0,207	0,133	0,179	0,206	0,195	0,182	0,209	0,163	0,186	0,177	0,207	0,196	0,205	0,133	0,197	0,197	0,192	0,181	0,197	0,179	0,185	0,181	0,207	0,190	0,208	0,133	0,188	0,200	0,199	0,184	0,200	0,176	0,180	0,208	0,205	0,192	0,204	0,134	0,182	0,163	0,190	0,181	0,208	0,173	0,181	0,207	0,212	0,191	0,205	0,138	0,194	0,169	0,193	0,182	0,212
2:30:19	37,0	0,203	0,204	0,217	0,238	0,221	0,237	0,144	0,221	0,231	0,225	0,208	0,237	0,203	0,209	0,219	0,241	0,231	0,237	0,146	0,216	0,235	0,226	0,204	0,238	0,202	0,203	0,230	0,242	0,219	0,235	0,148	0,222	0,237	0,226	0,208	0,241	0,205	0,203	0,240	0,249	0,453	0,235	0,143	0,204	0,232	0,223	0,203	0,241	0,179	0,210	0,195	0,238	0,220	0,235	0,142	0,224	0,223	0,220	0,206	0,225	0,198	0,204	0,199	0,239	0,214	0,236	0,142	0,213	0,227	0,227	0,207	0,230	0,196	0,201	0,235	0,234	0,219	0,232	0,144	0,209	0,185	0,218	0,207	0,241	0,192	0,204	0,231	0,242	0,218	0,233	0,149	0,221	0,191	0,222	0,207	0,246
2:40:19	37,0	0,229	0,231	0,244	0,270	0,248	0,268	0,156	0,248	0,260	0,256	0,241	0,270	0,227	0,238	0,249	0,274	0,260	0,268	0,157	0,246	0,265	0,260	0,238	0,273	0,227	0,228	0,267	0,274	0,254	0,271	0,160	0,251	0,269	0,259	0,240	0,275	0,234	0,229	0,281	0,282	0,472	0,264	0,157	0,233	0,262	0,255	0,234	0,276	0,200	0,243	0,217	0,273	0,253	0,265	0,153	0,254	0,251	0,254	0,237	0,259	0,223	0,233	0,224	0,267	0,242	0,267	0,154	0,239	0,255	0,259	0,237	0,264	0,219	0,228	0,265	0,265	0,249	0,262	0,156	0,237	0,210	0,250	0,238	0,274	0,216	0,231	0,262	0,272	0,247	0,264	0,161	0,249	0,216	0,254	0,240	0,278
2:50:19	37,0	0,261	0,261	0,273	0,299	0,275	0,293	0,169	0,277	0,287	0,287	0,272	0,294	0,256	0,266	0,278	0,303	0,295	0,302	0,172	0,276	0,292	0,290	0,272	0,294	0,257	0,256	0,292	0,306	0,282	0,311	0,173	0,282	0,303	0,290	0,273	0,298	0,264	0,254	0,319	0,327	0,492	0,301	0,170	0,264	0,289	0,283	0,268	0,298	0,226	0,274	0,240	0,315	0,281	0,300	0,166	0,290	0,277	0,281	0,269	0,288	0,251	0,264	0,249	0,301	0,272	0,300	0,167	0,267	0,284	0,290	0,271	0,294	0,247	0,260	0,296	0,297	0,281	0,293	0,170	0,267	0,237	0,281	0,270	0,292	0,243	0,262	0,293	0,304	0,278	0,295	0,174	0,276	0,244	0,286	0,271	0,298
3:00:19	37,0	0,293	0,291	0,304	0,327	0,306	0,325	0,185	0,306	0,314	0,299	0,296	0,309	0,286	0,301	0,313	0,337	0,335	0,336	0,188	0,310	0,325	0,305	0,298	0,309	0,286	0,291	0,328	0,333	0,317	0,351	0,190	0,316	0,338	0,306	0,300	0,308	0,293	0,282	0,361	0,373	0,515	0,331	0,182	0,295	0,314	0,296	0,292	0,309	0,258	0,303	0,265	0,362	0,312	0,332	0,181	0,318	0,304	0,296	0,294	0,299	0,280	0,293	0,275	0,330	0,302	0,335	0,182	0,295	0,314	0,306	0,295	0,307	0,277	0,291	0,323	0,328	0,314	0,329	0,186	0,299	0,266	0,297	0,295	0,305	0,273	0,292	0,322	0,334	0,312	0,329	0,190	0,304	0,272	0,297	0,293	0,313
3:10:19	37,0	0,321	0,319	0,320	0,350	0,333	0,346	0,203	0,329	0,332	0,312	0,308	0,325	0,314	0,323	0,342	0,358	0,363	0,362	0,206	0,336	0,348	0,317	0,308	0,321	0,313	0,322	0,344	0,357	0,344	0,381	0,208	0,344	0,365	0,318	0,315	0,325	0,322	0,307	0,389	0,412	0,534	0,358	0,198	0,320	0,333	0,306	0,301	0,320	0,288	0,332	0,285	0,400	0,340	0,362	0,198	0,334	0,321	0,308	0,304	0,316	0,307	0,324	0,296	0,348	0,328	0,358	0,198	0,317	0,337	0,319	0,305	0,320	0,302	0,322	0,342	0,351	0,343	0,357	0,203	0,324	0,297	0,311	0,308	0,322	0,300	0,326	0,344	0,354	0,337	0,353	0,208	0,326	0,304	0,308	0,311	0,327
3:20:19	37,0	0,346	0,338	0,340	0,370	0,355	0,364	0,222	0,344	0,349	0,319	0,319	0,338	0,333	0,350	0,367	0,383	0,384	0,376	0,224	0,356	0,367	0,328	0,321	0,338	0,339	0,344	0,355	0,376	0,354	0,405	0,225	0,363	0,380	0,332	0,330	0,335	0,343	0,328	0,406	0,447	0,554	0,390	0,212	0,344	0,347	0,319	0,313	0,332	0,320	0,360	0,301	0,429	0,358	0,381	0,215	0,347	0,334	0,319	0,316	0,333	0,328	0,350	0,312	0,366	0,347	0,375	0,214	0,334	0,355	0,332	0,315	0,332	0,322	0,345	0,360	0,369	0,369	0,379	0,220	0,344	0,322	0,323	0,325	0,332	0,319	0,351	0,362	0,373	0,356	0,373	0,224	0,343	0,331	0,323	0,323	0,341
3:30:19	37,0	0,368	0,358	0,358	0,388	0,371	0,380	0,239	0,358	0,361	0,329	0,329	0,353	0,352	0,368	0,391	0,411	0,402	0,393	0,241	0,371	0,382	0,339	0,328	0,356	0,358	0,370	0,370	0,396	0,363	0,423	0,243	0,386	0,394	0,349	0,341	0,351	0,365	0,346	0,424	0,471	0,569	0,424	0,228	0,362	0,360	0,331	0,327	0,347	0,347	0,384	0,317	0,451	0,384	0,405	0,231	0,357	0,359	0,338	0,326	0,344	0,348	0,374	0,330	0,385	0,369	0,392	0,230	0,349	0,370	0,352	0,326	0,347	0,340	0,365	0,377	0,386	0,393	0,395	0,237	0,362	0,340	0,332	0,338	0,343	0,338	0,369	0,381	0,390	0,374	0,393	0,242	0,357	0,347	0,342	0,333	0,352
3:40:19	37,0	0,388	0,380	0,373	0,403	0,381	0,395	0,253	0,370	0,371	0,344	0,339	0,365	0,369	0,392	0,410	0,425	0,418	0,405	0,256	0,384	0,396	0,353	0,341	0,377	0,372	0,397	0,384	0,410	0,372	0,435	0,261	0,405	0,412	0,368	0,352	0,364	0,387	0,360	0,438	0,488	0,593	0,439	0,242	0,381	0,374	0,340	0,338	0,362	0,368	0,412	0,330	0,467	0,401	0,428	0,247	0,363	0,384	0,357	0,334	0,355	0,373	0,399	0,345	0,399	0,401	0,408	0,245	0,362	0,383	0,375	0,339	0,360	0,358	0,383	0,393	0,400	0,413	0,408	0,253	0,376	0,359	0,341	0,349	0,359	0,357	0,386	0,396	0,405	0,396	0,407	0,258	0,368	0,368	0,364	0,344	0,369
3:50:19	37,0	0,406	0,394	0,385	0,411	0,391	0,406	0,269	0,376	0,381	0,356	0,352	0,380	0,387	0,408	0,423	0,436	0,430	0,413	0,271	0,393	0,401	0,362	0,352	0,399	0,389	0,418	0,398	0,422	0,384	0,445	0,275	0,420	0,429	0,394	0,364	0,375	0,408	0,377	0,447	0,493	0,618	0,445	0,258	0,411	0,382	0,350	0,350	0,371	0,395	0,432	0,346	0,478	0,425	0,436	0,261	0,365	0,401	0,379	0,346	0,371	0,402	0,422	0,357	0,413	0,424	0,420	0,259	0,370	0,390	0,386	0,353	0,376	0,375	0,401	0,402	0,413	0,427	0,415	0,268	0,386	0,372	0,353	0,360	0,375	0,373	0,400	0,407	0,415	0,408	0,418	0,275	0,377	0,384	0,384	0,355	0,381
4:00:19	37,0	0,422	0,407	0,394	0,425	0,398	0,410	0,284	0,382	0,388	0,364	0,362	0,393	0,402	0,422	0,432	0,447	0,437	0,415	0,284	0,402	0,409	0,374	0,365	0,412	0,411	0,433	0,411	0,427	0,392	0,448	0,289	0,427	0,436	0,420	0,375	0,385	0,428	0,389	0,453	0,491	0,632	0,453	0,269	0,434	0,393	0,365	0,359	0,383	0,413	0,446	0,358	0,480	0,433	0,439	0,276	0,371	0,413	0,390	0,357	0,378	0,421	0,439	0,369	0,426	0,440	0,430	0,272	0,380	0,395	0,398	0,365	0,388	0,391	0,417	0,411	0,423	0,434	0,418	0,284	0,390	0,382	0,368	0,376	0,388	0,389	0,416	0,418	0,424	0,415	0,422	0,289	0,385	0,397	0,396	0,380	0,402
4:10:19	37,0	0,433	0,421	0,403	0,427	0,396	0,414	0,297	0,390	0,395	0,373	0,373	0,401	0,412	0,433	0,446	0,470	0,444	0,421	0,302	0,408	0,416	0,386	0,374	0,416	0,424	0,444	0,428	0,435	0,394	0,454	0,299	0,433	0,438	0,445	0,382	0,397	0,441	0,399	0,460	0,490	0,638	0,460	0,281	0,444	0,404	0,383	0,370	0,390	0,428	0,463	0,371	0,480	0,435	0,443	0,295	0,379	0,419	0,400	0,365	0,383	0,436	0,450	0,381	0,443	0,447	0,440	0,287	0,385	0,404	0,408	0,372	0,398	0,405	0,430	0,416	0,432	0,440	0,420	0,300	0,396	0,388	0,377	0,389	0,399	0,401	0,427	0,427	0,429	0,419	0,423	0,305	0,390	0,407	0,411	0,399	0,410
4:20:19	37,0	0,443	0,427	0,407	0,436	0,403	0,420	0,311	0,394	0,399	0,382	0,379	0,413	0,423	0,444	0,463	0,483	0,454	0,428	0,318	0,414	0,422	0,399	0,382	0,420	0,441	0,452	0,445	0,445	0,410	0,463	0,318	0,441	0,437	0,461	0,389	0,404	0,448	0,411	0,476	0,486	0,645	0,466	0,296	0,447	0,411	0,400	0,380	0,398	0,440	0,485	0,384	0,479	0,443	0,450	0,312	0,388	0,423	0,406	0,372	0,389	0,449	0,459	0,396	0,456	0,453	0,453	0,303	0,387	0,410	0,414	0,378	0,408	0,421	0,439	0,425	0,441	0,450	0,423	0,318	0,404	0,394	0,384	0,398	0,406	0,411	0,433	0,436	0,434	0,427	0,426	0,322	0,391	0,415	0,419	0,404	0,417
4:30:19	37,0	0,447	0,434	0,414	0,445	0,407	0,428	0,326	0,398	0,405	0,390	0,387	0,420	0,448	0,462	0,470	0,492	0,465	0,444	0,331	0,418	0,428	0,412	0,388	0,424	0,461	0,464	0,459	0,455	0,429	0,475	0,334	0,447	0,441	0,474	0,395	0,411	0,459	0,427	0,484	0,487	0,652	0,471	0,309	0,451	0,420	0,413	0,391	0,405	0,447	0,494	0,398	0,480	0,452	0,456	0,331	0,401	0,429	0,413	0,381	0,396	0,466	0,475	0,416	0,469	0,460	0,465	0,324	0,392	0,416	0,420	0,387	0,418	0,442	0,449	0,433	0,450	0,463	0,426	0,331	0,409	0,400	0,391	0,407	0,420	0,428	0,438	0,446	0,443	0,439	0,430	0,337	0,399	0,423	0,429	0,401	0,437
4:40:19	37,0	0,454	0,448	0,423	0,454	0,413	0,435	0,341	0,400	0,410	0,398	0,395	0,428	0,457	0,469	0,476	0,500	0,478	0,451	0,344	0,424	0,431	0,419	0,396	0,428	0,470	0,470	0,468	0,461	0,446	0,485	0,350	0,453	0,445	0,481	0,405	0,424	0,468	0,440	0,488	0,487	0,659	0,476	0,322	0,456	0,425	0,427	0,401	0,419	0,454	0,500	0,415	0,484	0,463	0,461	0,346	0,416	0,436	0,421	0,388	0,401	0,473	0,483	0,435	0,479	0,466	0,478	0,338	0,399	0,426	0,429	0,395	0,425	0,454	0,457	0,442	0,458	0,476	0,430	0,347	0,413	0,405	0,399	0,414	0,432	0,441	0,446	0,457	0,454	0,451	0,436	0,351	0,409	0,430	0,436	0,400	0,455
4:50:19	37,0	0,458	0,461	0,434	0,461	0,418	0,442	0,352	0,405	0,415	0,404	0,401	0,432	0,464	0,477	0,483	0,508	0,489	0,462	0,356	0,430	0,437	0,428	0,407	0,435	0,478	0,477	0,478	0,471	0,459	0,494	0,362	0,460	0,453	0,482	0,412	0,429	0,474	0,451	0,493	0,488	0,666	0,485	0,333	0,461	0,432	0,435	0,411	0,432	0,457	0,506	0,434	0,489	0,471	0,468	0,360	0,427	0,442	0,429	0,398	0,408	0,480	0,493	0,455	0,488	0,471	0,489	0,348	0,406	0,435	0,435	0,399	0,433	0,463	0,466	0,451	0,466	0,487	0,435	0,356	0,415	0,411	0,406	0,425	0,447	0,453	0,459	0,468	0,465	0,465	0,445	0,362	0,418	0,435	0,442	0,406	0,457
5:00:19	37,0	0,461	0,471	0,446	0,468	0,424	0,451	0,361	0,410	0,423	0,414	0,408	0,436	0,473	0,484	0,490	0,515	0,497	0,473	0,363	0,436	0,444	0,435	0,413	0,442	0,487	0,483	0,489	0,484	0,470	0,503	0,373	0,473	0,459	0,477	0,419	0,440	0,477	0,461	0,499	0,493	0,671	0,492	0,341	0,465	0,440	0,440	0,420	0,435	0,464	0,514	0,450	0,493	0,479	0,478	0,368	0,438	0,447	0,434	0,412	0,415	0,489	0,501	0,472	0,499	0,478	0,500	0,354	0,414	0,446	0,444	0,406	0,443	0,471	0,476	0,460	0,473	0,498	0,443	0,366	0,418	0,418	0,411	0,434	0,460	0,464	0,468	0,479	0,475	0,475	0,454	0,371	0,429	0,441	0,449	0,409	0,458
5:10:19	37,0	0,467	0,482	0,460	0,477	0,434	0,455	0,368	0,415	0,432	0,421	0,413	0,443	0,478	0,494	0,497	0,522	0,505	0,479	0,369	0,444	0,453	0,441	0,422	0,446	0,493	0,491	0,499	0,493	0,481	0,514	0,383	0,484	0,463	0,475	0,426	0,454	0,482	0,470	0,508	0,498	0,676	0,500	0,348	0,472	0,447	0,445	0,429	0,447	0,473	0,521	0,470	0,498	0,485	0,482	0,374	0,448	0,451	0,440	0,421	0,422	0,495	0,510	0,489	0,510	0,485	0,508	0,362	0,423	0,455	0,456	0,412	0,452	0,477	0,484	0,469	0,481	0,506	0,452	0,377	0,423	0,427	0,418	0,443	0,469	0,475	0,480	0,494	0,486	0,482	0,467	0,379	0,446	0,448	0,464	0,414	0,465
5:20:19	37,0	0,471	0,495	0,474	0,482	0,445	0,465	0,375	0,422	0,442	0,427	0,418	0,448	0,485	0,505	0,508	0,527	0,513	0,491	0,374	0,453	0,459	0,447	0,427	0,453	0,501	0,500	0,511	0,504	0,488	0,520	0,388	0,491	0,470	0,473	0,433	0,464	0,484	0,482	0,517	0,506	0,678	0,507	0,352	0,474	0,457	0,447	0,436	0,475	0,480	0,528	0,493	0,504	0,493	0,489	0,379	0,457	0,457	0,443	0,425	0,427	0,500	0,520	0,518	0,519	0,491	0,518	0,371	0,432	0,465	0,461	0,416	0,461	0,484	0,495	0,480	0,490	0,516	0,458	0,383	0,430	0,438	0,426	0,450	0,476	0,485	0,493	0,506	0,498	0,489	0,477	0,385	0,468	0,456	0,483	0,418	0,477
5:30:19	37,0	0,478	0,508	0,489	0,492	0,454	0,471	0,382	0,428	0,452	0,432	0,423	0,457	0,490	0,516	0,521	0,532	0,521	0,505	0,382	0,459	0,466	0,449	0,430	0,458	0,504	0,510	0,523	0,512	0,496	0,527	0,395	0,496	0,477	0,474	0,442	0,472	0,490	0,494	0,529	0,509	0,683	0,515	0,358	0,478	0,471	0,449	0,439	0,486	0,488	0,534	0,516	0,510	0,502	0,496	0,384	0,465	0,464	0,444	0,428	0,436	0,507	0,531	0,551	0,528	0,497	0,528	0,381	0,442	0,474	0,465	0,420	0,466	0,491	0,506	0,489	0,499	0,524	0,464	0,388	0,433	0,445	0,432	0,457	0,481	0,492	0,506	0,520	0,508	0,497	0,481	0,392	0,485	0,460	0,499	0,427	0,480
5:40:19	37,0	0,486	0,523	0,512	0,496	0,464	0,481	0,388	0,433	0,461	0,438	0,428	0,463	0,494	0,527	0,537	0,536	0,522	0,513	0,386	0,467	0,468	0,450	0,436	0,465	0,511	0,520	0,538	0,521	0,505	0,536	0,401	0,504	0,484	0,473	0,447	0,479	0,494	0,508	0,542	0,513	0,689	0,521	0,364	0,484	0,480	0,451	0,445	0,486	0,492	0,543	0,542	0,513	0,510	0,502	0,393	0,473	0,471	0,446	0,429	0,443	0,511	0,542	0,577	0,533	0,502	0,536	0,386	0,450	0,481	0,470	0,422	0,469	0,499	0,518	0,502	0,505	0,531	0,470	0,393	0,441	0,452	0,435	0,465	0,483	0,501	0,520	0,533	0,521	0,504	0,486	0,397	0,500	0,468	0,503	0,437	0,481
5:50:19	37,0	0,492	0,540	0,538	0,501	0,475	0,491	0,392	0,440	0,470	0,440	0,435	0,466	0,498	0,539	0,553	0,540	0,524	0,524	0,392	0,475	0,478	0,452	0,439	0,474	0,514	0,532	0,552	0,526	0,512	0,543	0,410	0,508	0,493	0,473	0,451	0,488	0,501	0,525	0,555	0,517	0,693	0,528	0,370	0,490	0,490	0,451	0,453	0,493	0,496	0,554	0,559	0,519	0,517	0,511	0,402	0,480	0,478	0,448	0,433	0,448	0,518	0,555	0,601	0,538	0,508	0,543	0,389	0,457	0,489	0,473	0,428	0,481	0,506	0,531	0,513	0,511	0,539	0,478	0,396	0,449	0,463	0,443	0,471	0,488	0,510	0,537	0,547	0,529	0,508	0,496	0,400	0,513	0,474	0,507	0,446	0,494
6:00:19	37,0	0,499	0,561	0,558	0,507	0,487	0,500	0,396	0,446	0,479	0,447	0,439	0,468	0,504	0,550	0,569	0,544	0,535	0,534	0,396	0,487	0,485	0,456	0,444	0,482	0,519	0,543	0,572	0,532	0,517	0,550	0,415	0,515	0,495	0,479	0,454	0,494	0,505	0,540	0,568	0,522	0,697	0,533	0,376	0,491	0,498	0,455	0,460	0,499	0,503	0,565	0,581	0,524	0,523	0,516	0,406	0,488	0,485	0,454	0,439	0,454	0,525	0,568	0,619	0,544	0,516	0,550	0,394	0,466	0,498	0,485	0,430	0,493	0,513	0,545	0,526	0,516	0,547	0,484	0,400	0,452	0,473	0,447	0,473	0,494	0,516	0,555	0,561	0,541	0,514	0,508	0,405	0,526	0,482	0,511	0,453	0,510
6:10:19	37,0	0,508	0,583	0,576	0,514	0,497	0,511	0,398	0,454	0,491	0,455	0,446	0,474	0,507	0,566	0,587	0,549	0,542	0,543	0,399	0,495	0,489	0,465	0,447	0,491	0,523	0,561	0,589	0,538	0,524	0,556	0,416	0,520	0,501	0,487	0,458	0,501	0,511	0,558	0,592	0,528	0,706	0,539	0,381	0,497	0,505	0,460	0,465	0,509	0,511	0,580	0,601	0,530	0,531	0,524	0,408	0,496	0,492	0,463	0,443	0,460	0,531	0,587	0,642	0,551	0,522	0,559	0,399	0,475	0,508	0,501	0,435	0,500	0,518	0,564	0,544	0,523	0,551	0,493	0,405	0,458	0,485	0,451	0,474	0,507	0,524	0,574	0,578	0,549	0,521	0,518	0,408	0,541	0,493	0,523	0,458	0,524
6:20:19	37,0	0,517	0,602	0,593	0,525	0,508	0,518	0,401	0,462	0,502	0,464	0,450	0,484	0,512	0,588	0,602	0,554	0,546	0,551	0,400	0,504	0,496	0,480	0,457	0,512	0,530	0,583	0,607	0,545	0,532	0,563	0,418	0,526	0,508	0,497	0,466	0,508	0,516	0,581	0,614	0,533	0,705	0,545	0,389	0,502	0,512	0,468	0,470	0,523	0,517	0,601	0,620	0,536	0,536	0,531	0,416	0,502	0,497	0,474	0,450	0,468	0,537	0,606	0,657	0,558	0,528	0,567	0,401	0,484	0,517	0,521	0,442	0,506	0,523	0,587	0,563	0,530	0,556	0,501	0,410	0,467	0,493	0,456	0,478	0,523	0,531	0,593	0,595	0,560	0,528	0,530	0,413	0,553	0,501	0,540	0,467	0,535
6:30:19	37,0	0,524	0,618	0,606	0,534	0,518	0,528	0,402	0,472	0,513	0,477	0,460	0,499	0,517	0,606	0,619	0,561	0,557	0,559	0,404	0,514	0,501	0,495	0,478	0,522	0,533	0,603	0,621	0,553	0,539	0,567	0,422	0,533	0,514	0,509	0,480	0,515	0,522	0,598	0,632	0,539	0,714	0,549	0,393	0,509	0,521	0,485	0,480	0,542	0,524	0,617	0,638	0,541	0,544	0,535	0,420	0,508	0,504	0,493	0,464	0,485	0,544	0,624	0,678	0,565	0,535	0,575	0,404	0,493	0,523	0,541	0,454	0,519	0,527	0,607	0,582	0,538	0,567	0,505	0,414	0,481	0,503	0,468	0,491	0,537	0,539	0,608	0,620	0,568	0,536	0,539	0,415	0,567	0,509	0,556	0,482	0,549
6:40:19	37,0	0,530	0,635	0,624	0,544	0,526	0,535	0,403	0,484	0,523	0,486	0,479	0,516	0,519	0,619	0,633	0,566	0,561	0,569	0,407	0,521	0,507	0,507	0,500	0,541	0,536	0,619	0,633	0,560	0,545	0,573	0,426	0,541	0,521	0,520	0,497	0,529	0,527	0,612	0,644	0,541	0,714	0,555	0,398	0,517	0,531	0,502	0,491	0,554	0,529	0,630	0,653	0,547	0,550	0,539	0,425	0,515	0,510	0,509	0,492	0,506	0,551	0,643	0,690	0,573	0,539	0,582	0,407	0,501	0,534	0,555	0,471	0,539	0,533	0,626	0,603	0,545	0,577	0,514	0,416	0,490	0,515	0,483	0,515	0,551	0,547	0,626	0,639	0,577	0,543	0,545	0,419	0,578	0,517	0,567	0,501	0,560
6:50:19	37,0	0,537	0,651	0,642	0,555	0,534	0,543	0,407	0,495	0,532	0,501	0,495	0,534	0,523	0,632	0,648	0,572	0,564	0,575	0,411	0,529	0,512	0,519	0,520	0,556	0,545	0,631	0,648	0,567	0,553	0,578	0,431	0,551	0,527	0,528	0,515	0,545	0,533	0,624	0,658	0,548	0,723	0,561	0,402	0,522	0,534	0,520	0,510	0,570	0,536	0,643	0,669	0,552	0,556	0,545	0,428	0,520	0,515	0,523	0,516	0,526	0,556	0,655	0,708	0,581	0,545	0,588	0,411	0,509	0,542	0,569	0,491	0,559	0,538	0,646	0,620	0,550	0,584	0,522	0,420	0,500	0,521	0,502	0,533	0,565	0,553	0,643	0,661	0,588	0,550	0,553	0,421	0,588	0,526	0,579	0,527	0,573
7:00:19	37,0	0,545	0,666	0,658	0,563	0,542	0,552	0,411	0,504	0,539	0,519	0,507	0,549	0,531	0,646	0,662	0,576	0,569	0,580	0,415	0,541	0,521	0,531	0,538	0,570	0,554	0,645	0,662	0,573	0,557	0,587	0,434	0,558	0,534	0,538	0,529	0,558	0,539	0,640	0,675	0,554	0,728	0,568	0,405	0,526	0,541	0,536	0,524	0,585	0,542	0,660	0,685	0,558	0,564	0,552	0,432	0,526	0,523	0,537	0,536	0,546	0,563	0,669	0,722	0,589	0,552	0,595	0,415	0,517	0,549	0,584	0,513	0,577	0,543	0,663	0,635	0,557	0,591	0,530	0,424	0,510	0,529	0,515	0,549	0,577	0,560	0,665	0,685	0,599	0,558	0,559	0,426	0,603	0,534	0,590	0,546	0,587
7:10:19	37,0	0,552	0,682	0,676	0,573	0,549	0,558	0,414	0,511	0,549	0,536	0,525	0,563	0,538	0,659	0,677	0,582	0,575	0,587	0,420	0,546	0,527	0,542	0,557	0,584	0,561	0,659	0,677	0,577	0,563	0,594	0,438	0,566	0,540	0,548	0,545	0,569	0,544	0,653	0,690	0,561	0,732	0,573	0,408	0,535	0,546	0,547	0,537	0,597	0,551	0,673	0,698	0,563	0,570	0,558	0,435	0,531	0,528	0,548	0,553	0,562	0,571	0,681	0,737	0,598	0,560	0,602	0,420	0,524	0,556	0,596	0,534	0,589	0,549	0,674	0,652	0,565	0,597	0,536	0,428	0,521	0,536	0,527	0,564	0,590	0,568	0,683	0,704	0,608	0,566	0,566	0,429	0,618	0,542	0,605	0,561	0,601
7:20:19	37,0	0,562	0,695	0,691	0,579	0,557	0,565	0,417	0,521	0,558	0,554	0,547	0,574	0,544	0,676	0,691	0,587	0,580	0,594	0,423	0,552	0,531	0,553	0,571	0,598	0,564	0,672	0,692	0,582	0,569	0,601	0,443	0,570	0,545	0,557	0,557	0,581	0,551	0,665	0,705	0,565	0,732	0,578	0,412	0,544	0,549	0,559	0,548	0,612	0,558	0,686	0,715	0,569	0,574	0,565	0,440	0,537	0,533	0,561	0,568	0,579	0,579	0,696	0,753	0,606	0,566	0,608	0,424	0,532	0,564	0,609	0,551	0,604	0,555	0,689	0,665	0,570	0,604	0,544	0,430	0,528	0,545	0,539	0,577	0,600	0,578	0,703	0,719	0,619	0,573	0,573	0,433	0,631	0,553	0,616	0,576	0,614
7:30:19	37,0	0,569	0,711	0,707	0,584	0,564	0,574	0,423	0,530	0,565	0,568	0,563	0,591	0,551	0,687	0,703	0,592	0,586	0,600	0,425	0,557	0,536	0,564	0,584	0,609	0,575	0,685	0,704	0,587	0,574	0,607	0,447	0,573	0,552	0,565	0,568	0,595	0,560	0,680	0,720	0,568	0,736	0,583	0,416	0,548	0,555	0,572	0,561	0,626	0,565	0,697	0,731	0,575	0,580	0,572	0,442	0,543	0,538	0,573	0,581	0,592	0,587	0,707	0,770	0,617	0,572	0,613	0,428	0,538	0,572	0,619	0,565	0,615	0,561	0,704	0,677	0,575	0,611	0,550	0,435	0,537	0,554	0,552	0,590	0,608	0,583	0,719	0,736	0,631	0,580	0,579	0,437	0,642	0,565	0,628	0,589	0,627
7:40:19	37,0	0,576	0,724	0,724	0,590	0,574	0,583	0,426	0,539	0,573	0,580	0,579	0,598	0,558	0,700	0,717	0,599	0,590	0,606	0,430	0,569	0,544	0,574	0,597	0,620	0,581	0,699	0,721	0,592	0,579	0,613	0,451	0,579	0,561	0,574	0,580	0,606	0,566	0,689	0,734	0,576	0,739	0,589	0,420	0,553	0,564	0,582	0,572	0,639	0,574	0,711	0,743	0,581	0,587	0,578	0,448	0,547	0,543	0,583	0,595	0,604	0,594	0,721	0,783	0,627	0,578	0,621	0,433	0,546	0,578	0,628	0,578	0,628	0,567	0,717	0,687	0,583	0,618	0,557	0,440	0,545	0,562	0,564	0,602	0,620	0,593	0,735	0,747	0,643	0,583	0,587	0,441	0,654	0,576	0,639	0,602	0,640
7:50:19	37,0	0,585	0,737	0,737	0,597	0,578	0,586	0,429	0,550	0,578	0,592	0,590	0,607	0,562	0,712	0,732	0,604	0,600	0,614	0,433	0,574	0,550	0,582	0,609	0,631	0,590	0,713	0,737	0,597	0,583	0,615	0,455	0,585	0,572	0,582	0,592	0,615	0,573	0,703	0,748	0,586	0,748	0,596	0,424	0,559	0,571	0,593	0,583	0,652	0,582	0,725	0,756	0,586	0,592	0,582	0,451	0,553	0,547	0,593	0,607	0,615	0,602	0,733	0,797	0,638	0,585	0,626	0,438	0,552	0,586	0,640	0,592	0,638	0,574	0,732	0,699	0,589	0,625	0,564	0,443	0,553	0,572	0,574	0,615	0,629	0,601	0,754	0,761	0,652	0,584	0,596	0,445	0,670	0,588	0,650	0,613	0,652
8:00:19	37,0	0,593	0,747	0,752	0,602	0,583	0,592	0,434	0,558	0,587	0,603	0,600	0,618	0,569	0,725	0,746	0,611	0,603	0,618	0,438	0,577	0,553	0,590	0,619	0,641	0,596	0,723	0,751	0,603	0,589	0,619	0,459	0,590	0,577	0,590	0,601	0,625	0,577	0,711	0,762	0,598	0,748	0,600	0,428	0,565	0,578	0,600	0,593	0,664	0,587	0,736	0,766	0,593	0,599	0,587	0,454	0,558	0,552	0,601	0,617	0,626	0,610	0,743	0,808	0,652	0,591	0,630	0,442	0,559	0,594	0,647	0,603	0,648	0,580	0,745	0,713	0,594	0,630	0,569	0,447	0,562	0,582	0,581	0,624	0,639	0,607	0,765	0,774	0,661	0,590	0,604	0,450	0,680	0,601	0,658	0,625	0,664
8:10:19	37,0	0,595	0,761	0,763	0,608	0,593	0,598	0,436	0,564	0,596	0,613	0,610	0,628	0,575	0,732	0,759	0,618	0,611	0,620	0,444	0,586	0,560	0,598	0,627	0,650	0,605	0,734	0,763	0,607	0,593	0,623	0,463	0,598	0,583	0,596	0,611	0,636	0,583	0,722	0,774	0,610	0,752	0,605	0,432	0,573	0,584	0,608	0,602	0,676	0,595	0,747	0,778	0,599	0,606	0,593	0,457	0,565	0,557	0,608	0,628	0,635	0,616	0,754	0,820	0,670	0,599	0,636	0,447	0,565	0,597	0,657	0,612	0,656	0,587	0,757	0,722	0,598	0,638	0,576	0,451	0,571	0,591	0,589	0,633	0,650	0,614	0,780	0,786	0,671	0,595	0,611	0,453	0,695	0,614	0,668	0,633	0,678
8:20:19	37,0	0,603	0,771	0,780	0,612	0,601	0,605	0,439	0,575	0,605	0,625	0,620	0,635	0,585	0,747	0,769	0,624	0,621	0,629	0,449	0,596	0,568	0,606	0,638	0,660	0,616	0,748	0,773	0,612	0,600	0,631	0,468	0,603	0,591	0,604	0,621	0,646	0,590	0,732	0,784	0,618	0,756	0,612	0,437	0,580	0,595	0,617	0,610	0,690	0,601	0,756	0,788	0,605	0,612	0,600	0,464	0,570	0,562	0,616	0,637	0,644	0,624	0,766	0,829	0,685	0,607	0,643	0,451	0,574	0,604	0,666	0,620	0,664	0,594	0,771	0,732	0,606	0,646	0,580	0,456	0,582	0,596	0,596	0,643	0,661	0,623	0,797	0,797	0,684	0,602	0,621	0,457	0,706	0,626	0,677	0,642	0,691
8:30:19	36,9	0,606	0,780	0,791	0,619	0,608	0,609	0,444	0,584	0,612	0,633	0,629	0,646	0,592	0,756	0,782	0,634	0,628	0,636	0,453	0,603	0,574	0,613	0,645	0,670	0,623	0,760	0,784	0,619	0,608	0,634	0,471	0,610	0,594	0,609	0,629	0,655	0,599	0,743	0,794	0,624	0,765	0,617	0,441	0,587	0,605	0,624	0,617	0,702	0,607	0,768	0,801	0,611	0,615	0,602	0,468	0,575	0,568	0,624	0,645	0,656	0,633	0,774	0,841	0,697	0,614	0,650	0,455	0,584	0,611	0,676	0,626	0,673	0,600	0,781	0,745	0,609	0,651	0,587	0,459	0,588	0,606	0,603	0,651	0,674	0,630	0,808	0,808	0,695	0,602	0,630	0,463	0,719	0,639	0,687	0,652	0,707
8:40:19	37,0	0,608	0,789	0,800	0,625	0,612	0,615	0,450	0,591	0,622	0,641	0,638	0,655	0,595	0,766	0,792	0,643	0,631	0,644	0,456	0,603	0,578	0,622	0,653	0,680	0,630	0,770	0,793	0,624	0,614	0,640	0,477	0,616	0,600	0,617	0,635	0,664	0,605	0,752	0,801	0,634	0,769	0,626	0,445	0,595	0,614	0,632	0,627	0,715	0,614	0,779	0,805	0,616	0,619	0,610	0,472	0,583	0,574	0,633	0,655	0,665	0,634	0,784	0,850	0,711	0,620	0,657	0,461	0,591	0,618	0,685	0,635	0,680	0,604	0,793	0,752	0,616	0,660	0,593	0,466	0,594	0,615	0,609	0,661	0,684	0,635	0,821	0,818	0,708	0,609	0,638	0,468	0,728	0,650	0,696	0,660	0,722
8:50:19	37,0	0,615	0,800	0,810	0,631	0,619	0,622	0,455	0,598	0,630	0,648	0,647	0,664	0,599	0,778	0,801	0,651	0,634	0,651	0,461	0,607	0,581	0,627	0,661	0,691	0,631	0,783	0,804	0,628	0,619	0,645	0,482	0,622	0,606	0,623	0,643	0,675	0,611	0,760	0,813	0,648	0,773	0,633	0,450	0,603	0,624	0,637	0,633	0,728	0,621	0,787	0,816	0,620	0,626	0,614	0,475	0,588	0,578	0,638	0,663	0,674	0,640	0,792	0,859	0,722	0,629	0,665	0,464	0,601	0,624	0,695	0,641	0,688	0,610	0,799	0,762	0,621	0,670	0,599	0,468	0,603	0,623	0,618	0,667	0,696	0,640	0,831	0,828	0,719	0,620	0,647	0,472	0,738	0,663	0,706	0,670	0,739
9:00:19	37,0	0,617	0,808	0,818	0,634	0,624	0,628	0,460	0,606	0,635	0,656	0,656	0,674	0,605	0,788	0,810	0,658	0,640	0,656	0,466	0,615	0,587	0,636	0,669	0,700	0,636	0,787	0,814	0,634	0,626	0,652	0,487	0,628	0,614	0,630	0,651	0,682	0,616	0,770	0,821	0,661	0,777	0,640	0,456	0,607	0,634	0,644	0,641	0,741	0,626	0,795	0,821	0,627	0,633	0,620	0,480	0,597	0,585	0,648	0,672	0,682	0,647	0,798	0,867	0,732	0,638	0,670	0,468	0,613	0,628	0,703	0,651	0,696	0,616	0,808	0,767	0,626	0,681	0,606	0,474	0,613	0,632	0,625	0,675	0,707	0,648	0,842	0,837	0,730	0,625	0,653	0,481	0,748	0,673	0,714	0,678	0,755
9:10:19	37,0	0,620	0,816	0,827	0,638	0,630	0,629	0,466	0,612	0,646	0,663	0,665	0,680	0,609	0,797	0,820	0,666	0,648	0,666	0,471	0,623	0,593	0,642	0,676	0,708	0,639	0,794	0,820	0,640	0,633	0,660	0,491	0,632	0,623	0,635	0,658	0,691	0,619	0,781	0,827	0,668	0,782	0,646	0,461	0,611	0,642	0,649	0,647	0,754	0,632	0,805	0,827	0,631	0,640	0,625	0,485	0,604	0,594	0,653	0,681	0,691	0,652	0,806	0,876	0,744	0,648	0,674	0,472	0,621	0,634	0,710	0,660	0,704	0,621	0,818	0,776	0,630	0,690	0,611	0,480	0,621	0,638	0,631	0,683	0,718	0,652	0,855	0,847	0,742	0,631	0,662	0,486	0,756	0,683	0,723	0,685	0,771
9:20:19	37,0	0,623	0,826	0,834	0,642	0,634	0,636	0,470	0,619	0,655	0,671	0,673	0,690	0,614	0,809	0,829	0,676	0,650	0,677	0,476	0,631	0,599	0,650	0,684	0,718	0,648	0,806	0,829	0,647	0,638	0,667	0,497	0,638	0,629	0,641	0,666	0,699	0,623	0,792	0,839	0,676	0,786	0,651	0,467	0,616	0,649	0,656	0,654	0,767	0,639	0,815	0,834	0,635	0,645	0,633	0,489	0,611	0,599	0,660	0,689	0,699	0,655	0,814	0,885	0,753	0,659	0,684	0,477	0,632	0,643	0,718	0,669	0,712	0,627	0,826	0,784	0,636	0,697	0,616	0,485	0,628	0,645	0,638	0,691	0,730	0,658	0,864	0,857	0,754	0,640	0,672	0,491	0,766	0,693	0,732	0,693	0,788
9:30:19	37,0	0,625	0,836	0,843	0,646	0,640	0,640	0,475	0,627	0,662	0,677	0,681	0,695	0,621	0,816	0,834	0,684	0,656	0,679	0,481	0,639	0,604	0,656	0,690	0,726	0,650	0,815	0,835	0,650	0,642	0,674	0,502	0,643	0,635	0,648	0,674	0,707	0,627	0,798	0,845	0,686	0,791	0,659	0,471	0,621	0,655	0,662	0,660	0,781	0,641	0,822	0,839	0,641	0,651	0,636	0,493	0,617	0,606	0,665	0,697	0,706	0,660	0,822	0,890	0,763	0,666	0,689	0,481	0,643	0,650	0,727	0,678	0,719	0,631	0,830	0,792	0,641	0,709	0,620	0,490	0,635	0,651	0,643	0,697	0,742	0,662	0,877	0,867	0,765	0,648	0,679	0,499	0,771	0,701	0,741	0,702	0,805
9:40:19	37,0	0,624	0,842	0,851	0,655	0,650	0,644	0,479	0,636	0,670	0,686	0,689	0,705	0,625	0,824	0,842	0,694	0,662	0,686	0,486	0,645	0,610	0,664	0,697	0,735	0,656	0,824	0,840	0,655	0,648	0,679	0,507	0,650	0,641	0,653	0,682	0,715	0,632	0,805	0,853	0,697	0,795	0,665	0,476	0,628	0,667	0,670	0,668	0,796	0,648	0,829	0,846	0,646	0,657	0,641	0,498	0,624	0,613	0,671	0,705	0,716	0,665	0,830	0,899	0,774	0,672	0,695	0,486	0,654	0,657	0,735	0,688	0,727	0,637	0,839	0,799	0,646	0,728	0,626	0,496	0,643	0,659	0,649	0,706	0,753	0,666	0,886	0,876	0,775	0,653	0,686	0,503	0,779	0,710	0,750	0,709	0,821
9:50:19	37,0	0,631	0,849	0,858	0,661	0,658	0,651	0,481	0,644	0,680	0,692	0,697	0,712	0,631	0,830	0,848	0,701	0,668	0,696	0,491	0,650	0,614	0,671	0,705	0,743	0,662	0,833	0,846	0,662	0,652	0,684	0,514	0,654	0,649	0,660	0,690	0,723	0,635	0,811	0,857	0,708	0,799	0,671	0,481	0,637	0,675	0,674	0,674	0,810	0,650	0,836	0,851	0,651	0,663	0,646	0,503	0,633	0,620	0,677	0,713	0,723	0,669	0,841	0,906	0,786	0,682	0,702	0,491	0,664	0,665	0,743	0,698	0,736	0,642	0,847	0,808	0,651	0,741	0,632	0,502	0,651	0,667	0,655	0,713	0,766	0,672	0,895	0,884	0,784	0,663	0,697	0,506	0,785	0,719	0,760	0,718	0,836
10:00:19	37,0	0,630	0,859	0,867	0,669	0,663	0,659	0,486	0,651	0,687	0,701	0,705	0,718	0,637	0,840	0,855	0,709	0,674	0,706	0,496	0,656	0,621	0,677	0,713	0,752	0,668	0,840	0,851	0,666	0,659	0,689	0,520	0,659	0,655	0,666	0,698	0,731	0,641	0,817	0,865	0,716	0,804	0,680	0,488	0,643	0,681	0,683	0,682	0,821	0,656	0,844	0,857	0,657	0,667	0,651	0,510	0,638	0,625	0,684	0,722	0,730	0,673	0,844	0,914	0,794	0,687	0,706	0,497	0,671	0,669	0,752	0,706	0,744	0,646	0,852	0,815	0,655	0,750	0,640	0,508	0,659	0,674	0,662	0,720	0,778	0,676	0,904	0,892	0,795	0,671	0,704	0,512	0,792	0,726	0,769	0,724	0,852
10:10:19	37,0	0,637	0,865	0,876	0,672	0,670	0,666	0,493	0,659	0,694	0,709	0,713	0,724	0,643	0,848	0,863	0,717	0,680	0,712	0,500	0,661	0,625	0,684	0,719	0,760	0,674	0,847	0,859	0,671	0,665	0,696	0,524	0,665	0,659	0,672	0,707	0,739	0,645	0,824	0,871	0,723	0,810	0,684	0,495	0,647	0,690	0,687	0,688	0,833	0,661	0,851	0,870	0,660	0,676	0,659	0,516	0,644	0,629	0,691	0,730	0,739	0,680	0,850	0,924	0,805	0,696	0,712	0,503	0,678	0,673	0,760	0,716	0,752	0,653	0,859	0,822	0,661	0,758	0,646	0,515	0,665	0,679	0,667	0,728	0,790	0,682	0,911	0,902	0,804	0,677	0,712	0,517	0,796	0,733	0,778	0,733	0,867
10:20:19	37,0	0,639	0,872	0,879	0,681	0,677	0,674	0,498	0,665	0,701	0,715	0,720	0,733	0,646	0,857	0,867	0,727	0,686	0,723	0,506	0,667	0,633	0,691	0,726	0,767	0,678	0,856	0,869	0,674	0,672	0,703	0,530	0,669	0,667	0,678	0,714	0,747	0,647	0,831	0,877	0,732	0,815	0,690	0,502	0,652	0,697	0,693	0,695	0,845	0,664	0,856	0,878	0,665	0,683	0,663	0,522	0,650	0,634	0,697	0,738	0,745	0,686	0,857	0,931	0,814	0,709	0,718	0,508	0,685	0,680	0,769	0,725	0,760	0,656	0,865	0,830	0,666	0,765	0,652	0,522	0,672	0,684	0,674	0,735	0,802	0,688	0,921	0,911	0,813	0,685	0,721	0,524	0,806	0,740	0,787	0,740	0,881
10:30:19	37,0	0,644	0,882	0,888	0,685	0,683	0,682	0,505	0,673	0,709	0,721	0,728	0,738	0,650	0,864	0,876	0,733	0,691	0,734	0,513	0,676	0,639	0,697	0,734	0,776	0,682	0,865	0,874	0,679	0,679	0,711	0,536	0,675	0,674	0,683	0,722	0,755	0,653	0,835	0,886	0,740	0,819	0,701	0,509	0,657	0,703	0,698	0,701	0,857	0,669	0,866	0,879	0,670	0,692	0,668	0,528	0,654	0,640	0,703	0,747	0,754	0,688	0,864	0,938	0,823	0,718	0,723	0,514	0,691	0,685	0,779	0,734	0,769	0,662	0,874	0,836	0,673	0,776	0,658	0,527	0,679	0,691	0,680	0,743	0,813	0,693	0,927	0,919	0,822	0,691	0,729	0,535	0,812	0,746	0,797	0,748	0,896
10:40:19	37,0	0,650	0,885	0,897	0,690	0,688	0,689	0,513	0,681	0,716	0,727	0,736	0,745	0,654	0,870	0,882	0,740	0,697	0,738	0,519	0,685	0,644	0,704	0,742	0,783	0,685	0,875	0,881	0,684	0,683	0,717	0,546	0,681	0,681	0,690	0,732	0,764	0,658	0,840	0,893	0,746	0,824	0,708	0,515	0,665	0,708	0,704	0,709	0,869	0,668	0,873	0,886	0,675	0,698	0,675	0,533	0,659	0,645	0,707	0,756	0,761	0,695	0,873	0,943	0,832	0,722	0,729	0,521	0,699	0,690	0,786	0,744	0,777	0,665	0,879	0,842	0,678	0,783	0,663	0,536	0,684	0,695	0,687	0,749	0,825	0,699	0,936	0,927	0,831	0,698	0,737	0,543	0,816	0,752	0,805	0,756	0,908
10:50:19	37,0	0,655	0,895	0,901	0,694	0,694	0,696	0,523	0,687	0,723	0,734	0,743	0,753	0,660	0,874	0,888	0,748	0,703	0,744	0,526	0,688	0,653	0,710	0,747	0,791	0,689	0,882	0,886	0,690	0,689	0,722	0,551	0,684	0,689	0,697	0,740	0,771	0,662	0,850	0,903	0,753	0,829	0,713	0,520	0,670	0,714	0,709	0,715	0,881	0,676	0,879	0,892	0,678	0,702	0,681	0,541	0,663	0,649	0,713	0,764	0,769	0,698	0,880	0,951	0,842	0,732	0,736	0,528	0,703	0,696	0,794	0,755	0,785	0,670	0,883	0,848	0,684	0,790	0,668	0,542	0,689	0,701	0,693	0,757	0,836	0,703	0,943	0,936	0,839	0,706	0,744	0,549	0,821	0,759	0,814	0,764	0,922
11:00:19	37,0	0,658	0,902	0,911	0,700	0,700	0,704	0,531	0,693	0,730	0,741	0,749	0,764	0,667	0,880	0,897	0,753	0,709	0,751	0,533	0,692	0,659	0,716	0,754	0,800	0,694	0,887	0,894	0,696	0,695	0,732	0,559	0,689	0,695	0,703	0,748	0,780	0,667	0,855	0,909	0,762	0,834	0,721	0,526	0,675	0,721	0,716	0,722	0,893	0,680	0,886	0,897	0,686	0,708	0,687	0,546	0,666	0,652	0,721	0,772	0,776	0,705	0,885	0,957	0,850	0,737	0,743	0,535	0,708	0,699	0,803	0,764	0,794	0,672	0,894	0,856	0,688	0,800	0,674	0,549	0,692	0,706	0,699	0,764	0,848	0,709	0,952	0,945	0,847	0,713	0,751	0,557	0,825	0,764	0,822	0,772	0,934
11:10:19	37,0	0,659	0,907	0,918	0,704	0,707	0,711	0,540	0,696	0,736	0,748	0,756	0,768	0,671	0,886	0,906	0,759	0,717	0,759	0,541	0,696	0,663	0,723	0,761	0,809	0,699	0,894	0,902	0,705	0,699	0,739	0,568	0,693	0,700	0,707	0,757	0,790	0,671	0,860	0,914	0,768	0,840	0,728	0,533	0,680	0,724	0,722	0,729	0,904	0,681	0,892	0,905	0,693	0,713	0,693	0,553	0,670	0,656	0,727	0,779	0,783	0,706	0,892	0,963	0,858	0,744	0,749	0,541	0,712	0,704	0,810	0,772	0,802	0,675	0,902	0,861	0,694	0,811	0,683	0,557	0,697	0,711	0,706	0,771	0,858	0,711	0,959	0,951	0,854	0,720	0,759	0,563	0,831	0,769	0,831	0,780	0,947
11:20:19	37,0	0,664	0,914	0,922	0,711	0,715	0,720	0,546	0,701	0,742	0,755	0,765	0,778	0,670	0,894	0,911	0,765	0,726	0,766	0,545	0,703	0,670	0,730	0,767	0,818	0,701	0,901	0,908	0,712	0,706	0,744	0,575	0,697	0,707	0,713	0,766	0,798	0,675	0,869	0,920	0,773	0,845	0,734	0,542	0,684	0,730	0,729	0,735	0,915	0,683	0,897	0,912	0,698	0,718	0,698	0,561	0,673	0,659	0,733	0,788	0,791	0,710	0,895	0,970	0,865	0,751	0,754	0,546	0,717	0,708	0,819	0,783	0,810	0,677	0,907	0,869	0,699	0,821	0,688	0,566	0,701	0,716	0,713	0,778	0,869	0,715	0,967	0,960	0,862	0,729	0,767	0,571	0,836	0,775	0,840	0,788	0,960
11:30:19	36,9	0,666	0,923	0,929	0,717	0,720	0,727	0,555	0,706	0,748	0,761	0,771	0,785	0,672	0,898	0,914	0,773	0,730	0,774	0,551	0,709	0,678	0,735	0,774	0,826	0,705	0,908	0,914	0,715	0,711	0,750	0,577	0,702	0,712	0,720	0,775	0,809	0,678	0,873	0,925	0,783	0,849	0,740	0,546	0,689	0,734	0,734	0,742	0,927	0,689	0,902	0,918	0,704	0,726	0,702	0,565	0,677	0,662	0,738	0,797	0,798	0,710	0,901	0,974	0,873	0,758	0,760	0,553	0,721	0,710	0,827	0,791	0,818	0,680	0,912	0,875	0,704	0,830	0,695	0,572	0,705	0,721	0,718	0,784	0,879	0,721	0,974	0,967	0,869	0,733	0,776	0,580	0,839	0,779	0,848	0,795	0,970
11:40:19	37,0	0,671	0,927	0,936	0,724	0,727	0,733	0,562	0,711	0,755	0,769	0,779	0,794	0,679	0,904	0,920	0,779	0,733	0,784	0,558	0,713	0,683	0,742	0,780	0,835	0,707	0,911	0,919	0,718	0,716	0,757	0,584	0,705	0,716	0,726	0,784	0,819	0,681	0,878	0,931	0,789	0,853	0,749	0,553	0,694	0,740	0,738	0,748	0,938	0,696	0,910	0,922	0,709	0,730	0,707	0,571	0,679	0,664	0,743	0,804	0,805	0,711	0,906	0,980	0,879	0,763	0,765	0,559	0,724	0,714	0,834	0,801	0,826	0,681	0,917	0,880	0,709	0,839	0,696	0,578	0,709	0,723	0,723	0,791	0,889	0,723	0,980	0,973	0,875	0,741	0,786	0,587	0,842	0,783	0,857	0,802	0,982
11:50:19	37,0	0,675	0,935	0,942	0,727	0,732	0,737	0,571	0,716	0,761	0,774	0,786	0,801	0,683	0,910	0,926	0,786	0,739	0,790	0,561	0,716	0,689	0,749	0,785	0,844	0,711	0,915	0,928	0,723	0,721	0,763	0,591	0,708	0,718	0,731	0,791	0,829	0,683	0,885	0,934	0,796	0,857	0,754	0,557	0,695	0,745	0,745	0,755	0,950	0,695	0,915	0,924	0,713	0,738	0,713	0,579	0,682	0,668	0,750	0,811	0,813	0,714	0,910	0,986	0,887	0,771	0,771	0,565	0,728	0,718	0,841	0,809	0,833	0,682	0,923	0,884	0,715	0,849	0,704	0,585	0,713	0,727	0,729	0,797	0,899	0,726	0,987	0,980	0,882	0,748	0,792	0,595	0,845	0,786	0,865	0,809	0,993
12:00:19	37,0	0,679	0,942	0,948	0,734	0,738	0,740	0,580	0,720	0,767	0,781	0,792	0,808	0,683	0,915	0,929	0,795	0,745	0,796	0,568	0,721	0,694	0,754	0,792	0,852	0,714	0,920	0,935	0,728	0,727	0,770	0,593	0,711	0,723	0,737	0,799	0,839	0,687	0,891	0,940	0,802	0,862	0,761	0,566	0,697	0,751	0,751	0,761	0,960	0,700	0,920	0,928	0,718	0,744	0,719	0,582	0,682	0,670	0,756	0,820	0,820	0,717	0,913	0,989	0,894	0,777	0,776	0,571	0,729	0,721	0,849	0,821	0,842	0,686	0,931	0,888	0,719	0,856	0,707	0,592	0,716	0,729	0,734	0,803	0,908	0,732	0,994	0,987	0,889	0,754	0,799	0,606	0,848	0,790	0,873	0,817	1,003
12:10:19	37,0	0,683	0,946	0,953	0,736	0,744	0,746	0,587	0,725	0,773	0,788	0,799	0,816	0,688	0,919	0,933	0,800	0,751	0,805	0,575	0,724	0,703	0,761	0,799	0,860	0,717	0,925	0,938	0,734	0,732	0,775	0,599	0,715	0,729	0,742	0,806	0,849	0,691	0,893	0,944	0,808	0,867	0,767	0,571	0,699	0,754	0,755	0,768	0,972	0,704	0,925	0,931	0,723	0,749	0,723	0,585	0,683	0,672	0,760	0,827	0,827	0,719	0,917	0,994	0,900	0,784	0,781	0,578	0,731	0,723	0,855	0,829	0,849	0,685	0,938	0,893	0,725	0,865	0,713	0,600	0,719	0,732	0,739	0,810	0,917	0,735	0,999	0,994	0,896	0,761	0,807	0,610	0,848	0,792	0,880	0,824	1,012
12:20:19	37,0	0,686	0,951	0,957	0,743	0,750	0,756	0,596	0,728	0,779	0,793	0,805	0,825	0,691	0,921	0,935	0,805	0,756	0,811	0,581	0,725	0,709	0,766	0,806	0,867	0,720	0,929	0,940	0,738	0,738	0,778	0,606	0,718	0,733	0,749	0,813	0,858	0,693	0,896	0,947	0,812	0,871	0,772	0,575	0,701	0,758	0,760	0,774	0,981	0,708	0,932	0,934	0,728	0,754	0,728	0,594	0,684	0,672	0,764	0,833	0,833	0,721	0,920	0,997	0,905	0,791	0,786	0,583	0,733	0,727	0,863	0,839	0,855	0,686	0,942	0,897	0,731	0,875	0,718	0,608	0,719	0,734	0,745	0,816	0,925	0,739	1,004	0,998	0,902	0,766	0,813	0,618	0,850	0,793	0,888	0,831	1,022
12:30:19	37,0	0,691	0,956	0,961	0,750	0,753	0,762	0,603	0,731	0,785	0,799	0,812	0,835	0,694	0,927	0,939	0,811	0,761	0,816	0,586	0,729	0,714	0,769	0,810	0,875	0,723	0,934	0,943	0,742	0,742	0,783	0,610	0,720	0,738	0,754	0,824	0,868	0,697	0,902	0,952	0,818	0,875	0,780	0,579	0,704	0,761	0,765	0,780	0,992	0,705	0,936	0,935	0,733	0,757	0,735	0,596	0,687	0,672	0,770	0,842	0,840	0,724	0,926	1,000	0,913	0,797	0,793	0,590	0,734	0,730	0,870	0,849	0,864	0,688	0,944	0,901	0,737	0,880	0,725	0,613	0,720	0,737	0,749	0,823	0,934	0,744	1,010	1,004	0,909	0,773	0,820	0,627	0,853	0,794	0,896	0,838	1,031
12:40:19	37,0	0,695	0,961	0,965	0,754	0,763	0,768	0,612	0,733	0,791	0,806	0,817	0,842	0,695	0,933	0,939	0,817	0,768	0,823	0,590	0,732	0,717	0,777	0,817	0,881	0,726	0,935	0,944	0,746	0,747	0,789	0,617	0,723	0,741	0,760	0,829	0,875	0,699	0,908	0,957	0,821	0,880	0,785	0,586	0,704	0,763	0,770	0,785	1,000	0,710	0,941	0,938	0,740	0,762	0,741	0,601	0,689	0,673	0,776	0,848	0,846	0,726	0,929	1,003	0,916	0,801	0,796	0,596	0,735	0,729	0,876	0,858	0,870	0,689	0,948	0,904	0,740	0,889	0,731	0,619	0,722	0,736	0,756	0,828	0,940	0,746	1,013	1,009	0,913	0,780	0,826	0,634	0,852	0,794	0,902	0,844	1,040
12:50:19	37,0	0,698	0,967	0,971	0,761	0,768	0,772	0,622	0,736	0,795	0,810	0,824	0,851	0,701	0,938	0,943	0,821	0,773	0,829	0,596	0,732	0,720	0,783	0,824	0,889	0,728	0,939	0,946	0,749	0,751	0,796	0,623	0,726	0,744	0,765	0,836	0,884	0,702	0,912	0,959	0,825	0,885	0,793	0,590	0,706	0,766	0,775	0,792	1,011	0,713	0,943	0,941	0,745	0,767	0,746	0,607	0,690	0,674	0,781	0,855	0,854	0,728	0,930	1,003	0,923	0,808	0,802	0,603	0,736	0,731	0,882	0,865	0,877	0,692	0,954	0,910	0,746	0,899	0,733	0,625	0,723	0,738	0,759	0,834	0,948	0,751	1,019	1,015	0,920	0,786	0,832	0,640	0,853	0,797	0,909	0,851	1,048
13:00:19	37,0	0,700	0,970	0,975	0,765	0,775	0,781	0,626	0,737	0,800	0,816	0,830	0,857	0,703	0,940	0,951	0,827	0,780	0,836	0,602	0,735	0,721	0,787	0,830	0,896	0,728	0,945	0,950	0,756	0,757	0,802	0,626	0,726	0,746	0,771	0,842	0,892	0,705	0,917	0,962	0,831	0,891	0,798	0,598	0,707	0,768	0,780	0,798	1,018	0,718	0,946	0,943	0,750	0,772	0,750	0,612	0,689	0,675	0,785	0,862	0,859	0,729	0,938	1,006	0,928	0,813	0,806	0,608	0,737	0,729	0,889	0,875	0,883	0,694	0,960	0,914	0,750	0,906	0,736	0,631	0,724	0,738	0,765	0,840	0,956	0,753	1,022	1,018	0,926	0,791	0,837	0,650	0,854	0,798	0,916	0,857	1,057
13:10:19	37,0	0,703	0,978	0,979	0,771	0,780	0,784	0,634	0,739	0,806	0,822	0,836	0,865	0,706	0,941	0,950	0,833	0,783	0,840	0,607	0,737	0,720	0,792	0,835	0,903	0,734	0,948	0,951	0,760	0,761	0,807	0,633	0,724	0,749	0,776	0,850	0,901	0,707	0,920	0,965	0,837	0,891	0,802	0,603	0,708	0,770	0,785	0,803	1,026	0,716	0,950	0,945	0,754	0,776	0,752	0,619	0,686	0,677	0,790	0,868	0,865	0,733	0,940	1,010	0,933	0,816	0,808	0,610	0,738	0,729	0,895	0,884	0,890	0,697	0,964	0,917	0,756	0,911	0,740	0,636	0,726	0,741	0,770	0,845	0,964	0,757	1,025	1,024	0,931	0,798	0,843	0,657	0,853	0,800	0,923	0,863	1,065
13:20:19	37,0	0,708	0,984	0,986	0,776	0,786	0,789	0,643	0,741	0,806	0,827	0,840	0,872	0,708	0,943	0,952	0,838	0,786	0,847	0,612	0,737	0,720	0,797	0,840	0,910	0,734	0,951	0,951	0,764	0,765	0,814	0,639	0,724	0,748	0,781	0,856	0,908	0,710	0,924	0,967	0,840	0,897	0,807	0,611	0,709	0,771	0,791	0,809	1,035	0,718	0,950	0,947	0,760	0,781	0,756	0,624	0,686	0,676	0,794	0,875	0,870	0,732	0,943	1,012	0,936	0,820	0,809	0,616	0,736	0,729	0,901	0,892	0,895	0,701	0,969	0,918	0,758	0,917	0,743	0,642	0,726	0,738	0,775	0,850	0,969	0,760	1,028	1,028	0,936	0,802	0,848	0,663	0,852	0,799	0,929	0,869	1,072
13:30:19	37,0	0,712	0,986	0,988	0,784	0,791	0,795	0,651	0,742	0,805	0,832	0,845	0,879	0,713	0,948	0,956	0,843	0,792	0,850	0,618	0,742	0,721	0,803	0,846	0,916	0,738	0,951	0,955	0,770	0,770	0,818	0,647	0,723	0,750	0,786	0,863	0,915	0,714	0,927	0,967	0,844	0,900	0,813	0,616	0,710	0,772	0,796	0,815	1,041	0,722	0,955	0,948	0,763	0,786	0,762	0,629	0,686	0,676	0,800	0,879	0,877	0,734	0,947	1,014	0,941	0,825	0,816	0,622	0,736	0,730	0,907	0,899	0,901	0,703	0,972	0,921	0,763	0,921	0,747	0,648	0,726	0,740	0,779	0,855	0,975	0,763	1,031	1,030	0,941	0,808	0,854	0,673	0,851	0,802	0,936	0,875	1,078
13:40:19	37,0	0,716	0,992	0,995	0,787	0,797	0,801	0,658	0,746	0,808	0,837	0,853	0,885	0,711	0,951	0,961	0,847	0,796	0,856	0,624	0,745	0,722	0,809	0,853	0,924	0,742	0,953	0,958	0,775	0,774	0,822	0,651	0,722	0,752	0,791	0,868	0,924	0,718	0,927	0,969	0,849	0,902	0,817	0,622	0,708	0,774	0,801	0,820	1,049	0,724	0,958	0,951	0,766	0,788	0,767	0,636	0,688	0,675	0,805	0,885	0,883	0,735	0,952	1,014	0,946	0,833	0,822	0,628	0,737	0,730	0,913	0,905	0,909	0,705	0,976	0,928	0,768	0,929	0,755	0,656	0,728	0,742	0,785	0,860	0,982	0,769	1,036	1,034	0,946	0,813	0,859	0,679	0,853	0,805	0,943	0,880	1,085
13:50:19	37,0	0,721	0,995	0,996	0,793	0,802	0,805	0,665	0,746	0,811	0,843	0,857	0,891	0,715	0,956	0,964	0,852	0,800	0,863	0,630	0,745	0,722	0,812	0,856	0,931	0,744	0,955	0,960	0,779	0,780	0,827	0,656	0,720	0,754	0,797	0,874	0,931	0,721	0,935	0,972	0,856	0,904	0,821	0,628	0,707	0,775	0,804	0,825	1,056	0,724	0,961	0,954	0,770	0,794	0,771	0,640	0,689	0,674	0,809	0,891	0,888	0,737	0,953	1,016	0,950	0,837	0,826	0,635	0,737	0,729	0,919	0,914	0,915	0,709	0,980	0,930	0,772	0,935	0,761	0,661	0,728	0,742	0,789	0,864	0,989	0,774	1,040	1,036	0,950	0,815	0,863	0,687	0,854	0,804	0,950	0,886	1,091
14:00:19	37,0	0,724	1,000	1,002	0,797	0,805	0,810	0,673	0,748	0,812	0,849	0,866	0,897	0,715	0,955	0,967	0,855	0,805	0,867	0,638	0,742	0,723	0,816	0,861	0,938	0,747	0,959	0,961	0,784	0,783	0,832	0,664	0,722	0,754	0,799	0,880	0,938	0,724	0,938	0,974	0,858	0,908	0,826	0,634	0,709	0,775	0,807	0,829	1,062	0,729	0,961	0,953	0,773	0,798	0,775	0,647	0,692	0,673	0,814	0,896	0,895	0,741	0,955	1,019	0,955	0,841	0,830	0,640	0,736	0,729	0,925	0,920	0,922	0,713	0,983	0,933	0,778	0,941	0,767	0,669	0,726	0,742	0,793	0,869	0,996	0,779	1,045	1,039	0,956	0,821	0,870	0,692	0,854	0,805	0,958	0,892	1,098
14:10:19	37,0	0,725	1,003	1,003	0,803	0,810	0,817	0,682	0,750	0,814	0,853	0,870	0,902	0,718	0,958	0,966	0,859	0,809	0,872	0,643	0,744	0,722	0,821	0,866	0,943	0,751	0,963	0,965	0,789	0,786	0,835	0,668	0,720	0,752	0,804	0,886	0,944	0,727	0,941	0,975	0,864	0,912	0,827	0,640	0,705	0,776	0,811	0,834	1,069	0,730	0,964	0,953	0,777	0,802	0,778	0,653	0,691	0,671	0,817	0,904	0,901	0,745	0,958	1,019	0,958	0,845	0,834	0,645	0,735	0,727	0,930	0,927	0,928	0,717	0,985	0,933	0,782	0,947	0,769	0,672	0,726	0,741	0,798	0,874	1,002	0,780	1,049	1,044	0,960	0,823	0,874	0,699	0,855	0,806	0,965	0,898	1,103
14:20:19	37,0	0,730	1,009	1,008	0,809	0,815	0,822	0,690	0,751	0,817	0,859	0,878	0,909	0,724	0,961	0,968	0,863	0,813	0,876	0,651	0,745	0,723	0,826	0,871	0,950	0,753	0,964	0,968	0,793	0,790	0,842	0,674	0,721	0,754	0,808	0,892	0,951	0,731	0,942	0,973	0,865	0,916	0,831	0,647	0,706	0,776	0,817	0,840	1,075	0,735	0,966	0,957	0,780	0,806	0,781	0,657	0,690	0,668	0,820	0,908	0,907	0,747	0,963	1,023	0,963	0,849	0,838	0,651	0,735	0,729	0,936	0,936	0,935	0,720	0,989	0,937	0,786	0,951	0,773	0,678	0,727	0,743	0,802	0,879	1,009	0,784	1,052	1,047	0,965	0,830	0,881	0,704	0,853	0,806	0,973	0,903	1,110
14:30:19	36,9	0,734	1,014	1,012	0,813	0,818	0,828	0,698	0,755	0,819	0,866	0,884	0,916	0,728	0,964	0,969	0,868	0,816	0,881	0,655	0,747	0,724	0,829	0,875	0,957	0,756	0,967	0,968	0,795	0,793	0,846	0,680	0,722	0,755	0,811	0,899	0,958	0,733	0,944	0,975	0,870	0,918	0,837	0,653	0,707	0,775	0,821	0,844	1,081	0,738	0,969	0,957	0,783	0,811	0,783	0,662	0,690	0,668	0,825	0,914	0,914	0,750	0,965	1,025	0,967	0,852	0,841	0,658	0,735	0,728	0,942	0,942	0,942	0,722	0,993	0,939	0,791	0,953	0,776	0,685	0,729	0,742	0,807	0,884	1,016	0,785	1,057	1,050	0,969	0,834	0,887	0,710	0,855	0,807	0,980	0,909	1,116
14:40:19	37,0	0,736	1,015	1,014	0,817	0,824	0,831	0,705	0,753	0,819	0,870	0,889	0,919	0,730	0,963	0,969	0,871	0,822	0,887	0,663	0,746	0,722	0,834	0,880	0,960	0,760	0,969	0,968	0,799	0,797	0,850	0,687	0,722	0,754	0,815	0,903	0,963	0,739	0,941	0,976	0,872	0,924	0,840	0,657	0,704	0,777	0,825	0,848	1,086	0,741	0,967	0,958	0,788	0,816	0,786	0,668	0,686	0,665	0,829	0,919	0,919	0,754	0,967	1,025	0,969	0,857	0,847	0,663	0,734	0,725	0,947	0,947	0,947	0,727	0,994	0,942	0,792	0,961	0,783	0,691	0,730	0,740	0,811	0,887	1,020	0,791	1,058	1,053	0,971	0,838	0,892	0,717	0,853	0,806	0,985	0,913	1,120
14:50:19	37,0	0,737	1,018	1,017	0,824	0,827	0,832	0,713	0,754	0,819	0,874	0,892	0,922	0,733	0,964	0,972	0,876	0,825	0,890	0,671	0,745	0,722	0,837	0,884	0,965	0,764	0,970	0,968	0,802	0,800	0,854	0,692	0,721	0,754	0,820	0,908	0,967	0,742	0,943	0,979	0,875	0,927	0,844	0,666	0,703	0,776	0,828	0,853	1,089	0,747	0,969	0,960	0,791	0,817	0,790	0,674	0,687	0,662	0,834	0,924	0,924	0,762	0,967	1,025	0,972	0,862	0,848	0,668	0,735	0,726	0,952	0,954	0,952	0,730	0,994	0,944	0,795	0,966	0,785	0,697	0,731	0,740	0,815	0,893	1,025	0,792	1,061	1,054	0,975	0,843	0,897	0,724	0,853	0,806	0,990	0,917	1,123
15:00:19	37,0	0,745	1,020	1,020	0,827	0,833	0,838	0,719	0,756	0,820	0,879	0,899	0,926	0,739	0,969	0,973	0,878	0,826	0,894	0,676	0,745	0,722	0,841	0,888	0,971	0,764	0,973	0,972	0,806	0,803	0,855	0,696	0,725	0,754	0,823	0,914	0,973	0,745	0,945	0,980	0,877	0,930	0,846	0,672	0,702	0,776	0,831	0,857	1,095	0,752	0,973	0,963	0,794	0,821	0,792	0,680	0,684	0,661	0,837	0,930	0,929	0,764	0,968	1,028	0,975	0,864	0,851	0,676	0,734	0,724	0,958	0,959	0,959	0,735	0,996	0,947	0,799	0,968	0,786	0,703	0,730	0,740	0,820	0,897	1,029	0,800	1,064	1,057	0,979	0,848	0,902	0,732	0,852	0,806	0,997	0,922	1,128
15:10:19	37,0	0,748	1,023	1,022	0,832	0,835	0,842	0,727	0,756	0,820	0,883	0,902	0,930	0,739	0,970	0,973	0,882	0,831	0,898	0,682	0,742	0,720	0,846	0,893	0,974	0,767	0,975	0,973	0,810	0,806	0,860	0,703	0,723	0,753	0,827	0,919	0,977	0,749	0,945	0,981	0,879	0,931	0,850	0,676	0,703	0,775	0,835	0,861	1,098	0,748	0,972	0,962	0,797	0,823	0,795	0,686	0,680	0,657	0,840	0,935	0,934	0,767	0,971	1,030	0,977	0,867	0,855	0,683	0,731	0,721	0,962	0,964	0,964	0,736	0,998	0,948	0,803	0,972	0,791	0,707	0,729	0,737	0,824	0,900	1,033	0,802	1,067	1,059	0,983	0,852	0,906	0,739	0,852	0,804	1,001	0,926	1,132
15:20:19	37,0	0,750	1,026	1,022	0,835	0,839	0,847	0,732	0,755	0,819	0,887	0,906	0,932	0,740	0,972	0,974	0,886	0,835	0,901	0,687	0,741	0,719	0,850	0,897	0,977	0,770	0,978	0,975	0,813	0,809	0,864	0,707	0,721	0,752	0,833	0,924	0,981	0,752	0,946	0,983	0,881	0,934	0,853	0,681	0,702	0,773	0,840	0,864	1,101	0,754	0,972	0,964	0,800	0,827	0,799	0,692	0,678	0,655	0,844	0,939	0,937	0,770	0,974	1,030	0,978	0,870	0,857	0,689	0,728	0,717	0,966	0,971	0,968	0,739	1,000	0,952	0,805	0,975	0,793	0,714	0,727	0,735	0,827	0,905	1,036	0,805	1,069	1,063	0,986	0,855	0,909	0,745	0,848	0,803	1,006	0,930	1,134
15:30:19	37,0	0,754	1,029	1,025	0,839	0,844	0,849	0,737	0,756	0,821	0,892	0,911	0,936	0,743	0,973	0,975	0,888	0,836	0,903	0,693	0,739	0,717	0,854	0,901	0,981	0,772	0,978	0,976	0,817	0,813	0,866	0,716	0,720	0,753	0,837	0,928	0,985	0,757	0,949	0,984	0,884	0,937	0,857	0,686	0,699	0,770	0,844	0,868	1,105	0,760	0,977	0,965	0,803	0,829	0,802	0,697	0,678	0,653	0,848	0,944	0,943	0,774	0,973	1,030	0,981	0,874	0,859	0,692	0,729	0,717	0,971	0,975	0,973	0,747	1,004	0,951	0,807	0,980	0,797	0,718	0,726	0,737	0,832	0,908	1,039	0,810	1,070	1,064	0,988	0,857	0,914	0,750	0,848	0,803	1,012	0,935	1,137
15:40:19	37,0	0,757	1,031	1,027	0,842	0,846	0,852	0,745	0,756	0,820	0,895	0,915	0,938	0,746	0,974	0,976	0,889	0,837	0,907	0,699	0,738	0,714	0,857	0,906	0,985	0,775	0,979	0,979	0,818	0,815	0,869	0,720	0,714	0,752	0,839	0,933	0,989	0,759	0,951	0,985	0,888	0,940	0,860	0,691	0,696	0,767	0,846	0,872	1,108	0,758	0,975	0,965	0,805	0,832	0,803	0,702	0,678	0,652	0,851	0,948	0,948	0,773	0,976	1,030	0,983	0,875	0,859	0,698	0,726	0,714	0,976	0,980	0,978	0,748	1,006	0,952	0,810	0,983	0,800	0,724	0,724	0,738	0,835	0,911	1,043	0,811	1,073	1,066	0,991	0,862	0,918	0,756	0,847	0,801	1,017	0,939	1,141
15:50:19	37,0	0,758	1,032	1,027	0,847	0,850	0,855	0,751	0,755	0,819	0,898	0,919	0,943	0,753	0,975	0,978	0,894	0,840	0,910	0,706	0,736	0,714	0,860	0,908	0,989	0,780	0,978	0,980	0,821	0,817	0,870	0,725	0,713	0,748	0,841	0,937	0,993	0,760	0,949	0,986	0,890	0,941	0,863	0,697	0,693	0,764	0,849	0,876	1,111	0,763	0,976	0,965	0,808	0,834	0,807	0,706	0,677	0,648	0,854	0,951	0,952	0,775	0,976	1,031	0,984	0,878	0,864	0,705	0,724	0,712	0,979	0,984	0,982	0,751	1,007	0,952	0,813	0,985	0,802	0,731	0,723	0,736	0,838	0,915	1,045	0,816	1,074	1,068	0,994	0,865	0,921	0,764	0,845	0,799	1,021	0,943	1,143
16:00:19	37,0	0,765	1,034	1,030	0,851	0,855	0,861	0,759	0,757	0,821	0,905	0,925	0,948	0,754	0,978	0,979	0,897	0,842	0,912	0,712	0,737	0,721	0,865	0,913	0,994	0,783	0,980	0,982	0,824	0,819	0,874	0,734	0,710	0,751	0,845	0,943	0,997	0,764	0,951	0,982	0,892	0,946	0,866	0,702	0,694	0,763	0,853	0,880	1,115	0,764	0,980	0,968	0,811	0,838	0,810	0,713	0,676	0,648	0,859	0,956	0,958	0,781	0,978	1,034	0,987	0,878	0,865	0,713	0,723	0,710	0,985	0,990	0,988	0,754	1,010	0,954	0,817	0,988	0,803	0,738	0,722	0,734	0,842	0,919	1,049	0,820	1,077	1,069	0,997	0,869	0,925	0,769	0,845	0,798	1,027	0,948	1,146
16:10:19	37,0	0,765	1,035	1,031	0,853	0,857	0,864	0,765	0,756	0,819	0,907	0,928	0,950	0,756	0,977	0,980	0,899	0,846	0,916	0,718	0,735	0,720	0,870	0,915	0,996	0,785	0,982	0,982	0,826	0,822	0,878	0,736	0,708	0,747	0,849	0,947	1,000	0,769	0,952	0,984	0,893	0,948	0,867	0,706	0,691	0,759	0,857	0,884	1,117	0,770	0,980	0,970	0,813	0,839	0,811	0,715	0,673	0,643	0,861	0,959	0,961	0,779	0,980	1,032	0,988	0,882	0,869	0,716	0,718	0,707	0,989	0,993	0,992	0,754	1,010	0,955	0,817	0,990	0,808	0,741	0,720	0,731	0,845	0,921	1,051	0,825	1,079	1,072	0,998	0,872	0,929	0,775	0,844	0,795	1,030	0,951	1,147
16:20:19	37,0	0,768	1,037	1,032	0,856	0,862	0,866	0,770	0,755	0,818	0,912	0,933	0,952	0,760	0,976	0,983	0,900	0,849	0,918	0,722	0,732	0,718	0,872	0,918	0,999	0,788	0,984	0,983	0,828	0,826	0,879	0,740	0,705	0,746	0,854	0,952	1,003	0,772	0,953	0,986	0,895	0,950	0,870	0,711	0,691	0,758	0,860	0,887	1,119	0,769	0,982	0,973	0,816	0,842	0,816	0,719	0,671	0,639	0,865	0,963	0,965	0,783	0,981	1,036	0,989	0,883	0,872	0,721	0,715	0,709	0,992	0,998	0,996	0,758	1,012	0,956	0,819	0,993	0,811	0,747	0,718	0,728	0,849	0,924	1,052	0,828	1,081	1,074	1,000	0,874	0,932	0,781	0,842	0,795	1,034	0,955	1,149
16:30:19	37,0	0,765	1,039	1,033	0,859	0,864	0,870	0,776	0,754	0,817	0,915	0,937	0,954	0,764	0,979	0,983	0,904	0,850	0,921	0,727	0,731	0,713	0,875	0,922	1,002	0,787	0,984	0,982	0,830	0,828	0,880	0,745	0,703	0,744	0,856	0,955	1,006	0,774	0,954	0,986	0,897	0,950	0,872	0,719	0,688	0,754	0,864	0,891	1,122	0,772	0,984	0,974	0,819	0,844	0,818	0,724	0,671	0,640	0,868	0,966	0,968	0,788	0,983	1,037	0,989	0,887	0,873	0,725	0,713	0,708	0,996	1,001	1,000	0,760	1,014	0,958	0,823	0,994	0,814	0,751	0,718	0,726	0,852	0,928	1,054	0,831	1,082	1,075	1,004	0,878	0,935	0,786	0,841	0,793	1,038	0,959	1,151
16:40:19	37,0	0,767	1,041	1,034	0,863	0,865	0,874	0,781	0,754	0,816	0,920	0,942	0,957	0,762	0,981	0,984	0,907	0,850	0,923	0,732	0,728	0,710	0,877	0,924	1,005	0,790	0,986	0,983	0,832	0,830	0,885	0,748	0,701	0,742	0,860	0,959	1,010	0,775	0,953	0,986	0,899	0,953	0,873	0,725	0,682	0,751	0,867	0,895	1,125	0,773	0,986	0,977	0,819	0,847	0,819	0,726	0,668	0,635	0,871	0,969	0,972	0,789	0,981	1,036	0,990	0,890	0,875	0,727	0,709	0,704	1,000	1,005	1,004	0,761	1,014	0,959	0,826	0,997	0,816	0,754	0,716	0,723	0,854	0,931	1,056	0,836	1,084	1,076	1,005	0,880	0,939	0,793	0,841	0,792	1,041	0,962	1,152
16:50:19	37,0	0,772	1,042	1,036	0,866	0,869	0,876	0,787	0,753	0,816	0,924	0,946	0,960	0,768	0,985	0,984	0,908	0,852	0,926	0,737	0,727	0,705	0,882	0,929	1,009	0,793	0,986	0,985	0,834	0,832	0,887	0,751	0,697	0,743	0,862	0,962	1,013	0,778	0,953	0,990	0,903	0,954	0,877	0,729	0,680	0,748	0,869	0,898	1,127	0,775	0,987	0,979	0,821	0,849	0,820	0,731	0,666	0,634	0,874	0,973	0,976	0,794	0,981	1,039	0,993	0,891	0,876	0,731	0,708	0,701	1,004	1,007	1,008	0,762	1,013	0,961	0,828	0,999	0,818	0,759	0,711	0,722	0,858	0,933	1,059	0,836	1,086	1,077	1,008	0,883	0,943	0,798	0,841	0,791	1,044	0,966	1,153
17:00:19	37,0	0,777	1,044	1,035	0,869	0,871	0,878	0,792	0,753	0,814	0,928	0,950	0,962	0,768	0,984	0,983	0,909	0,856	0,928	0,742	0,727	0,705	0,885	0,931	1,011	0,795	0,987	0,987	0,836	0,832	0,888	0,757	0,694	0,741	0,864	0,964	1,015	0,780	0,954	0,991	0,905	0,956	0,878	0,732	0,678	0,744	0,872	0,900	1,129	0,774	0,988	0,980	0,822	0,850	0,823	0,735	0,662	0,632	0,876	0,975	0,979	0,794	0,980	1,039	0,994	0,892	0,879	0,735	0,705	0,698	1,007	1,010	1,012	0,763	1,015	0,963	0,827	1,001	0,819	0,763	0,709	0,719	0,861	0,935	1,060	0,840	1,087	1,079	1,010	0,884	0,945	0,804	0,839	0,789	1,047	0,969	1,155
17:10:19	37,0	0,778	1,044	1,035	0,871	0,875	0,882	0,797	0,751	0,813	0,932	0,954	0,964	0,771	0,986	0,985	0,911	0,858	0,931	0,746	0,725	0,704	0,888	0,934	1,013	0,795	0,987	0,988	0,837	0,835	0,890	0,760	0,692	0,738	0,867	0,967	1,017	0,781	0,954	0,992	0,908	0,958	0,879	0,735	0,675	0,740	0,875	0,903	1,130	0,778	0,989	0,982	0,824	0,851	0,824	0,739	0,661	0,635	0,879	0,978	0,982	0,796	0,982	1,040	0,994	0,892	0,880	0,740	0,702	0,698	1,009	1,013	1,014	0,764	1,017	0,962	0,830	1,002	0,822	0,766	0,707	0,715	0,864	0,938	1,062	0,842	1,088	1,080	1,012	0,886	0,949	0,809	0,837	0,788	1,050	0,972	1,155
17:20:19	37,0	0,782	1,046	1,037	0,875	0,877	0,885	0,803	0,751	0,812	0,935	0,957	0,967	0,775	0,987	0,987	0,913	0,859	0,933	0,752	0,723	0,703	0,891	0,937	1,016	0,799	0,986	0,988	0,839	0,836	0,893	0,765	0,692	0,737	0,870	0,970	1,020	0,782	0,955	0,993	0,912	0,959	0,883	0,740	0,672	0,740	0,877	0,906	1,132	0,781	0,991	0,983	0,826	0,852	0,828	0,745	0,658	0,635	0,882	0,981	0,985	0,796	0,983	1,041	0,994	0,895	0,882	0,745	0,699	0,698	1,012	1,016	1,018	0,767	1,021	0,962	0,832	1,004	0,822	0,770	0,709	0,714	0,867	0,941	1,062	0,841	1,090	1,081	1,014	0,891	0,952	0,815	0,836	0,788	1,053	0,974	1,156
17:30:19	37,0	0,786	1,046	1,039	0,878	0,880	0,888	0,808	0,751	0,810	0,939	0,961	0,969	0,777	0,986	0,987	0,917	0,861	0,935	0,755	0,720	0,699	0,893	0,939	1,018	0,799	0,987	0,989	0,841	0,836	0,892	0,768	0,692	0,735	0,872	0,973	1,022	0,785	0,955	0,993	0,912	0,960	0,885	0,746	0,665	0,738	0,880	0,908	1,133	0,783	0,990	0,986	0,827	0,853	0,830	0,748	0,656	0,633	0,884	0,983	0,987	0,798	0,985	1,041	0,996	0,897	0,884	0,748	0,699	0,698	1,015	1,018	1,021	0,766	1,022	0,964	0,834	1,007	0,824	0,774	0,708	0,710	0,868	0,942	1,065	0,847	1,092	1,082	1,015	0,893	0,953	0,820	0,835	0,786	1,055	0,976	1,157
17:40:19	37,0	0,787	1,048	1,041	0,880	0,883	0,890	0,814	0,750	0,809	0,943	0,965	0,970	0,774	0,987	0,987	0,918	0,863	0,936	0,758	0,717	0,694	0,896	0,942	1,021	0,801	0,989	0,989	0,844	0,837	0,894	0,773	0,688	0,731	0,875	0,976	1,025	0,787	0,956	0,994	0,914	0,963	0,885	0,751	0,664	0,734	0,882	0,911	1,135	0,781	0,990	0,986	0,829	0,855	0,831	0,750	0,651	0,629	0,887	0,986	0,989	0,798	0,988	1,042	0,999	0,898	0,886	0,751	0,695	0,694	1,018	1,021	1,024	0,767	1,022	0,966	0,834	1,008	0,826	0,779	0,705	0,708	0,872	0,944	1,066	0,848	1,093	1,082	1,016	0,896	0,956	0,825	0,834	0,784	1,058	0,978	1,157
17:50:19	37,0	0,788	1,049	1,042	0,883	0,886	0,894	0,819	0,748	0,807	0,947	0,968	0,973	0,777	0,988	0,988	0,919	0,863	0,938	0,762	0,712	0,689	0,898	0,944	1,022	0,803	0,991	0,991	0,845	0,840	0,896	0,776	0,685	0,727	0,879	0,979	1,026	0,786	0,956	0,995	0,917	0,962	0,887	0,752	0,662	0,731	0,884	0,914	1,136	0,782	0,992	0,987	0,830	0,857	0,832	0,753	0,647	0,626	0,889	0,987	0,991	0,801	0,987	1,042	0,999	0,899	0,887	0,756	0,693	0,690	1,019	1,023	1,026	0,770	1,023	0,968	0,836	1,009	0,827	0,784	0,700	0,707	0,874	0,946	1,067	0,845	1,095	1,083	1,017	0,898	0,961	0,830	0,833	0,782	1,060	0,979	1,157
18:00:19	37,0	0,792	1,051	1,044	0,886	0,888	0,898	0,823	0,749	0,806	0,950	0,971	0,973	0,781	0,991	0,990	0,922	0,865	0,938	0,766	0,708	0,687	0,901	0,947	1,025	0,806	0,991	0,992	0,845	0,840	0,898	0,780	0,683	0,722	0,881	0,980	1,028	0,788	0,957	0,996	0,916	0,963	0,890	0,755	0,661	0,728	0,887	0,916	1,138	0,785	0,995	0,988	0,830	0,858	0,834	0,757	0,645	0,621	0,891	0,989	0,994	0,801	0,989	1,041	0,999	0,901	0,889	0,760	0,692	0,687	1,021	1,025	1,028	0,773	1,024	0,969	0,838	1,012	0,829	0,789	0,697	0,710	0,876	0,948	1,069	0,851	1,096	1,085	1,021	0,898	0,963	0,835	0,832	0,781	1,063	0,981	1,157
18:10:19	37,0	0,792	1,052	1,044	0,888	0,890	0,897	0,828	0,747	0,803	0,953	0,974	0,976	0,783	0,991	0,990	0,924	0,866	0,940	0,767	0,706	0,684	0,902	0,948	1,026	0,807	0,991	0,994	0,846	0,842	0,900	0,782	0,680	0,722	0,883	0,982	1,030	0,788	0,958	0,998	0,918	0,966	0,890	0,760	0,660	0,726	0,888	0,918	1,139	0,789	0,994	0,988	0,829	0,859	0,835	0,760	0,642	0,615	0,893	0,990	0,995	0,800	0,991	1,043	1,000	0,902	0,889	0,763	0,690	0,682	1,023	1,026	1,031	0,773	1,025	0,969	0,840	1,012	0,831	0,792	0,693	0,706	0,878	0,950	1,069	0,856	1,097	1,084	1,019	0,902	0,962	0,838	0,830	0,778	1,065	0,982	1,157
18:20:19	37,0	0,794	1,054	1,046	0,891	0,893	0,901	0,833	0,746	0,802	0,957	0,976	0,977	0,787	0,993	0,991	0,924	0,868	0,942	0,769	0,704	0,681	0,904	0,949	1,028	0,807	0,990	0,994	0,848	0,841	0,902	0,786	0,677	0,718	0,885	0,984	1,031	0,790	0,961	1,000	0,919	0,967	0,892	0,764	0,658	0,724	0,891	0,919	1,140	0,787	0,996	0,989	0,832	0,860	0,835	0,761	0,640	0,614	0,894	0,991	0,997	0,802	0,991	1,044	1,001	0,902	0,889	0,768	0,687	0,680	1,024	1,028	1,033	0,773	1,027	0,970	0,840	1,015	0,832	0,795	0,695	0,704	0,881	0,951	1,070	0,854	1,097	1,084	1,022	0,904	0,965	0,842	0,830	0,778	1,067	0,984	1,157
18:30:19	37,0	0,796	1,054	1,047	0,892	0,894	0,903	0,836	0,745	0,801	0,960	0,979	0,978	0,787	0,993	0,990	0,926	0,869	0,944	0,773	0,704	0,678	0,905	0,951	1,029	0,806	0,991	0,995	0,850	0,842	0,902	0,788	0,675	0,713	0,886	0,986	1,033	0,790	0,962	1,002	0,919	0,968	0,894	0,767	0,656	0,721	0,892	0,921	1,141	0,789	0,998	0,990	0,833	0,861	0,836	0,765	0,636	0,611	0,896	0,992	0,998	0,805	0,990	1,044	1,001	0,903	0,891	0,772	0,684	0,678	1,026	1,029	1,034	0,773	1,028	0,972	0,841	1,017	0,835	0,799	0,696	0,700	0,882	0,952	1,071	0,855	1,098	1,085	1,022	0,907	0,967	0,847	0,828	0,777	1,069	0,985	1,156
18:40:19	37,0	0,797	1,054	1,048	0,894	0,896	0,905	0,840	0,744	0,799	0,962	0,980	0,979	0,788	0,995	0,991	0,928	0,869	0,946	0,776	0,704	0,676	0,908	0,952	1,031	0,810	0,993	0,997	0,851	0,843	0,904	0,791	0,672	0,709	0,888	0,987	1,033	0,791	0,962	1,003	0,919	0,967	0,897	0,771	0,652	0,718	0,894	0,922	1,141	0,790	0,997	0,990	0,833	0,862	0,837	0,768	0,633	0,612	0,899	0,993	1,000	0,806	0,992	1,046	1,002	0,904	0,892	0,774	0,683	0,678	1,027	1,030	1,036	0,774	1,029	0,974	0,841	1,017	0,836	0,801	0,694	0,698	0,883	0,952	1,072	0,856	1,099	1,085	1,022	0,907	0,970	0,850	0,827	0,775	1,071	0,984	1,156
18:50:19	36,9	0,799	1,055	1,050	0,896	0,897	0,908	0,843	0,743	0,798	0,965	0,983	0,981	0,789	0,995	0,994	0,929	0,870	0,948	0,780	0,702	0,673	0,911	0,954	1,033	0,813	0,996	0,998	0,853	0,844	0,906	0,794	0,668	0,704	0,890	0,988	1,034	0,791	0,965	1,003	0,920	0,967	0,898	0,773	0,649	0,716	0,895	0,923	1,141	0,790	0,998	0,991	0,835	0,864	0,838	0,771	0,631	0,609	0,900	0,994	1,001	0,805	0,994	1,048	1,002	0,906	0,893	0,776	0,681	0,675	1,028	1,031	1,037	0,774	1,028	0,974	0,841	1,019	0,837	0,803	0,690	0,697	0,885	0,953	1,072	0,855	1,099	1,086	1,023	0,909	0,971	0,854	0,825	0,774	1,072	0,985	1,155
19:00:19	37,0	0,800	1,056	1,050	0,898	0,900	0,910	0,848	0,742	0,795	0,966	0,984	0,982	0,789	0,995	0,994	0,930	0,872	0,951	0,783	0,699	0,670	0,913	0,956	1,033	0,813	0,995	0,997	0,853	0,845	0,906	0,797	0,666	0,700	0,891	0,990	1,035	0,790	0,966	1,003	0,922	0,968	0,899	0,776	0,647	0,713	0,897	0,924	1,142	0,791	0,999	0,992	0,835	0,863	0,839	0,774	0,628	0,604	0,901	0,995	1,003	0,805	0,995	1,050	1,003	0,908	0,894	0,779	0,679	0,674	1,030	1,032	1,039	0,776	1,029	0,976	0,843	1,021	0,838	0,807	0,684	0,695	0,885	0,954	1,073	0,856	1,100	1,087	1,025	0,912	0,973	0,857	0,825	0,772	1,074	0,987	1,155
19:10:19	37,0	0,804	1,059	1,051	0,900	0,903	0,911	0,851	0,741	0,794	0,969	0,987	0,983	0,790	0,998	0,994	0,930	0,873	0,951	0,784	0,695	0,667	0,914	0,956	1,035	0,813	0,996	0,999	0,853	0,846	0,908	0,800	0,664	0,699	0,892	0,990	1,037	0,791	0,966	1,003	0,922	0,969	0,899	0,778	0,643	0,712	0,898	0,924	1,142	0,793	0,998	0,996	0,835	0,865	0,840	0,776	0,626	0,601	0,902	0,995	1,004	0,806	0,995	1,051	1,003	0,907	0,896	0,781	0,677	0,673	1,031	1,033	1,041	0,775	1,030	0,975	0,845	1,022	0,839	0,809	0,679	0,693	0,887	0,953	1,073	0,858	1,101	1,087	1,027	0,913	0,974	0,861	0,824	0,771	1,076	0,987	1,154
19:20:19	37,0	0,804	1,060	1,053	0,902	0,905	0,914	0,855	0,741	0,794	0,971	0,988	0,985	0,792	0,999	0,995	0,931	0,873	0,953	0,787	0,693	0,666	0,916	0,958	1,036	0,814	0,997	0,999	0,854	0,848	0,909	0,804	0,659	0,693	0,893	0,992	1,038	0,791	0,965	1,005	0,920	0,970	0,899	0,781	0,642	0,709	0,898	0,925	1,142	0,792	1,001	0,997	0,836	0,868	0,841	0,779	0,622	0,600	0,903	0,995	1,005	0,806	0,995	1,052	1,003	0,908	0,897	0,785	0,675	0,668	1,032	1,034	1,042	0,775	1,032	0,976	0,848	1,022	0,839	0,812	0,679	0,691	0,888	0,955	1,074	0,858	1,101	1,087	1,027	0,913	0,978	0,865	0,823	0,770	1,077	0,988	1,153
19:30:19	37,0	0,805	1,060	1,054	0,905	0,906	0,917	0,857	0,739	0,792	0,973	0,989	0,985	0,791	0,999	0,996	0,930	0,876	0,956	0,789	0,691	0,661	0,917	0,959	1,036	0,814	0,997	0,999	0,854	0,848	0,910	0,806	0,656	0,690	0,895	0,992	1,038	0,791	0,965	1,006	0,921	0,972	0,901	0,782	0,637	0,706	0,899	0,926	1,142	0,792	1,001	0,999	0,839	0,869	0,842	0,781	0,618	0,599	0,904	0,995	1,005	0,805	0,996	1,051	1,003	0,908	0,898	0,786	0,671	0,663	1,032	1,034	1,043	0,778	1,034	0,976	0,845	1,023	0,840	0,813	0,678	0,688	0,889	0,955	1,073	0,855	1,102	1,086	1,026	0,914	0,976	0,866	0,820	0,768	1,078	0,988	1,152
19:40:19	37,0	0,805	1,060	1,056	0,905	0,908	0,919	0,860	0,738	0,791	0,974	0,991	0,985	0,791	1,000	0,998	0,933	0,877	0,958	0,792	0,689	0,658	0,919	0,961	1,037	0,816	0,998	0,999	0,855	0,849	0,911	0,808	0,655	0,691	0,896	0,993	1,038	0,792	0,967	1,009	0,923	0,972	0,904	0,786	0,634	0,704	0,901	0,927	1,142	0,793	1,002	0,999	0,840	0,868	0,841	0,783	0,613	0,596	0,905	0,996	1,006	0,809	0,997	1,051	1,004	0,911	0,899	0,787	0,670	0,661	1,033	1,036	1,044	0,780	1,034	0,975	0,847	1,026	0,840	0,816	0,677	0,686	0,890	0,955	1,074	0,857	1,101	1,087	1,028	0,918	0,978	0,870	0,820	0,767	1,079	0,989	1,152
19:50:19	37,0	0,806	1,061	1,056	0,907	0,909	0,920	0,863	0,737	0,790	0,975	0,992	0,986	0,794	1,000	1,000	0,934	0,878	0,959	0,793	0,688	0,654	0,919	0,960	1,037	0,817	0,997	1,001	0,855	0,849	0,910	0,811	0,655	0,687	0,896	0,992	1,039	0,791	0,969	1,010	0,926	0,973	0,905	0,787	0,632	0,701	0,901	0,927	1,141	0,792	1,003	0,998	0,840	0,868	0,842	0,785	0,608	0,592	0,905	0,997	1,007	0,808	0,999	1,053	1,004	0,911	0,898	0,790	0,667	0,658	1,034	1,036	1,045	0,778	1,034	0,976	0,847	1,026	0,842	0,818	0,673	0,684	0,891	0,955	1,074	0,860	1,102	1,087	1,028	0,919	0,980	0,873	0,819	0,766	1,080	0,989	1,151
20:00:19	37,0	0,807	1,062	1,057	0,908	0,912	0,922	0,866	0,736	0,789	0,977	0,993	0,986	0,794	1,000	1,000	0,934	0,881	0,959	0,795	0,686	0,651	0,920	0,959	1,038	0,817	0,998	1,002	0,855	0,849	0,911	0,812	0,653	0,689	0,898	0,992	1,040	0,790	0,969	1,011	0,925	0,974	0,907	0,789	0,630	0,700	0,902	0,926	1,141	0,792	1,004	0,999	0,841	0,868	0,842	0,786	0,606	0,590	0,906	0,997	1,007	0,806	0,999	1,052	1,004	0,910	0,898	0,792	0,665	0,655	1,035	1,035	1,045	0,776	1,035	0,978	0,848	1,027	0,840	0,820	0,674	0,681	0,892	0,955	1,074	0,859	1,102	1,088	1,030	0,920	0,981	0,875	0,817	0,764	1,081	0,989	1,150
20:10:19	37,0	0,809	1,063	1,058	0,910	0,913	0,924	0,868	0,736	0,788	0,978	0,994	0,986	0,793	1,001	1,001	0,934	0,883	0,961	0,797	0,682	0,650	0,921	0,960	1,038	0,816	0,997	1,002	0,856	0,849	0,912	0,814	0,649	0,686	0,898	0,991	1,039	0,790	0,970	1,011	0,924	0,977	0,908	0,790	0,628	0,698	0,903	0,926	1,141	0,792	1,003	0,999	0,840	0,868	0,842	0,788	0,603	0,586	0,906	0,996	1,008	0,807	0,997	1,053	1,005	0,912	0,900	0,795	0,664	0,656	1,036	1,035	1,046	0,776	1,034	0,978	0,848	1,028	0,841	0,821	0,673	0,679	0,892	0,956	1,074	0,860	1,101	1,088	1,030	0,920	0,982	0,877	0,816	0,763	1,083	0,990	1,148
20:20:19	37,0	0,808	1,064	1,058	0,912	0,915	0,925	0,872	0,734	0,787	0,980	0,995	0,987	0,795	1,001	1,003	0,935	0,882	0,963	0,801	0,681	0,648	0,922	0,961	1,038	0,815	0,998	1,002	0,856	0,849	0,913	0,816	0,646	0,685	0,898	0,992	1,039	0,790	0,971	1,010	0,925	0,975	0,908	0,794	0,628	0,697	0,903	0,927	1,141	0,794	1,005	1,000	0,841	0,871	0,843	0,791	0,602	0,580	0,906	0,997	1,009	0,807	0,998	1,053	1,004	0,913	0,901	0,797	0,662	0,655	1,037	1,036	1,048	0,775	1,036	0,980	0,848	1,029	0,841	0,824	0,671	0,678	0,892	0,955	1,074	0,859	1,101	1,088	1,030	0,923	0,985	0,879	0,815	0,762	1,083	0,991	1,147
20:30:19	37,0	0,809	1,064	1,059	0,913	0,916	0,928	0,874	0,732	0,786	0,981	0,996	0,988	0,795	1,001	1,003	0,936	0,884	0,966	0,801	0,677	0,645	0,922	0,961	1,039	0,816	1,001	1,001	0,856	0,849	0,914	0,818	0,642	0,682	0,898	0,992	1,039	0,789	0,973	1,010	0,927	0,976	0,908	0,796	0,626	0,693	0,902	0,926	1,140	0,793	1,007	1,001	0,841	0,870	0,844	0,793	0,601	0,578	0,906	0,996	1,010	0,808	0,997	1,052	1,005	0,914	0,900	0,799	0,661	0,651	1,037	1,036	1,048	0,775	1,036	0,979	0,849	1,030	0,842	0,826	0,669	0,676	0,892	0,954	1,074	0,861	1,101	1,088	1,032	0,922	0,986	0,882	0,814	0,761	1,084	0,991	1,145
20:40:19	37,0	0,809	1,065	1,059	0,913	0,917	0,927	0,877	0,731	0,784	0,981	0,996	0,987	0,794	1,002	1,004	0,936	0,883	0,966	0,803	0,673	0,642	0,923	0,960	1,038	0,816	1,001	1,002	0,857	0,851	0,914	0,821	0,640	0,678	0,898	0,992	1,038	0,789	0,973	1,011	0,924	0,977	0,908	0,798	0,626	0,692	0,901	0,925	1,139	0,792	1,008	1,002	0,839	0,872	0,844	0,794	0,598	0,579	0,905	0,995	1,010	0,807	0,998	1,054	1,006	0,915	0,901	0,800	0,657	0,650	1,037	1,037	1,049	0,776	1,035	0,979	0,850	1,031	0,843	0,826	0,666	0,675	0,892	0,955	1,074	0,861	1,101	1,088	1,032	0,924	0,989	0,884	0,812	0,759	1,084	0,991	1,145
20:50:19	37,0	0,809	1,066	1,060	0,915	0,919	0,931	0,881	0,732	0,784	0,983	0,998	0,988	0,794	1,004	1,004	0,935	0,883	0,967	0,805	0,672	0,641	0,923	0,960	1,039	0,816	1,002	1,003	0,855	0,849	0,917	0,823	0,639	0,678	0,898	0,994	1,039	0,790	0,975	1,012	0,925	0,977	0,909	0,800	0,623	0,690	0,902	0,925	1,139	0,793	1,006	1,004	0,840	0,872	0,844	0,795	0,599	0,577	0,906	0,997	1,011	0,807	0,998	1,054	1,005	0,916	0,900	0,801	0,655	0,647	1,038	1,038	1,050	0,774	1,035	0,979	0,850	1,031	0,845	0,828	0,666	0,675	0,893	0,955	1,073	0,859	1,101	1,089	1,032	0,925	0,989	0,887	0,810	0,758	1,085	0,992	1,144
21:00:19	37,0	0,811	1,067	1,061	0,916	0,921	0,929	0,884	0,730	0,784	0,984	0,998	0,989	0,791	1,003	1,006	0,936	0,887	0,968	0,808	0,670	0,642	0,923	0,960	1,039	0,817	1,002	1,004	0,857	0,850	0,918	0,823	0,635	0,676	0,897	0,995	1,039	0,789	0,975	1,014	0,926	0,977	0,910	0,801	0,621	0,688	0,902	0,924	1,139	0,794	1,007	1,003	0,841	0,872	0,844	0,797	0,598	0,578	0,905	0,995	1,012	0,807	0,999	1,054	1,006	0,915	0,902	0,802	0,652	0,643	1,039	1,038	1,050	0,773	1,036	0,981	0,851	1,033	0,845	0,829	0,665	0,674	0,893	0,955	1,073	0,861	1,101	1,089	1,032	0,925	0,989	0,889	0,809	0,757	1,086	0,992	1,142
21:10:19	37,0	0,810	1,067	1,062	0,917	0,921	0,933	0,886	0,729	0,782	0,984	0,999	0,988	0,792	1,004	1,006	0,937	0,887	0,969	0,809	0,669	0,639	0,922	0,959	1,039	0,816	1,002	1,005	0,856	0,851	0,918	0,825	0,632	0,673	0,898	0,995	1,038	0,789	0,975	1,015	0,927	0,978	0,912	0,802	0,618	0,685	0,901	0,924	1,137	0,793	1,007	1,004	0,841	0,874	0,845	0,799	0,596	0,577	0,905	0,995	1,012	0,806	1,000	1,054	1,006	0,916	0,902	0,804	0,650	0,641	1,038	1,038	1,051	0,775	1,036	0,981	0,851	1,033	0,845	0,831	0,664	0,671	0,893	0,955	1,073	0,861	1,101	1,088	1,032	0,925	0,990	0,891	0,808	0,756	1,086	0,993	1,141
21:20:19	37,0	0,812	1,068	1,062	0,918	0,922	0,933	0,889	0,728	0,781	0,986	1,000	0,988	0,791	1,005	1,006	0,937	0,886	0,970	0,810	0,665	0,636	0,923	0,959	1,038	0,817	1,003	1,008	0,856	0,852	0,919	0,826	0,631	0,669	0,898	0,995	1,038	0,790	0,975	1,015	0,928	0,981	0,912	0,804	0,615	0,685	0,901	0,924	1,136	0,792	1,008	1,004	0,841	0,874	0,844	0,799	0,591	0,576	0,905	0,994	1,012	0,805	1,001	1,053	1,005	0,917	0,902	0,804	0,650	0,636	1,039	1,038	1,051	0,776	1,037	0,981	0,852	1,034	0,845	0,832	0,660	0,669	0,894	0,954	1,073	0,860	1,100	1,089	1,033	0,927	0,991	0,894	0,808	0,754	1,086	0,993	1,141
21:30:19	37,0	0,810	1,068	1,062	0,920	0,924	0,935	0,892	0,727	0,781	0,986	1,000	0,988	0,790	1,005	1,007	0,937	0,888	0,971	0,811	0,666	0,634	0,923	0,958	1,038	0,816	1,004	1,009	0,857	0,854	0,920	0,827	0,628	0,667	0,898	0,995	1,038	0,790	0,974	1,016	0,928	0,981	0,912	0,806	0,615	0,685	0,901	0,923	1,136	0,792	1,008	1,005	0,842	0,874	0,844	0,801	0,587	0,574	0,905	0,993	1,012	0,806	1,002	1,053	1,006	0,917	0,903	0,805	0,647	0,634	1,040	1,038	1,052	0,775	1,037	0,982	0,854	1,035	0,846	0,833	0,657	0,668	0,893	0,955	1,073	0,861	1,099	1,089	1,034	0,927	0,991	0,895	0,806	0,754	1,087	0,993	1,139
21:40:19	37,0	0,811	1,068	1,061	0,919	0,923	0,937	0,894	0,726	0,781	0,986	1,000	0,989	0,787	1,006	1,007	0,938	0,888	0,971	0,813	0,663	0,632	0,922	0,959	1,037	0,816	1,003	1,008	0,857	0,854	0,920	0,828	0,626	0,665	0,898	0,995	1,037	0,790	0,973	1,016	0,927	0,978	0,913	0,806	0,614	0,681	0,901	0,922	1,135	0,791	1,008	1,006	0,841	0,876	0,844	0,802	0,584	0,569	0,904	0,993	1,013	0,805	1,003	1,053	1,006	0,916	0,904	0,806	0,647	0,634	1,040	1,039	1,053	0,774	1,036	0,982	0,852	1,036	0,845	0,835	0,658	0,666	0,893	0,954	1,072	0,858	1,101	1,089	1,035	0,929	0,994	0,899	0,807	0,753	1,086	0,993	1,138
21:50:19	37,0	0,813	1,068	1,063	0,920	0,924	0,937	0,896	0,726	0,779	0,987	1,001	0,989	0,787	1,007	1,006	0,938	0,890	0,971	0,815	0,660	0,631	0,923	0,959	1,038	0,816	1,002	1,010	0,858	0,854	0,921	0,830	0,623	0,666	0,898	0,995	1,037	0,791	0,975	1,017	0,927	0,981	0,914	0,807	0,611	0,679	0,900	0,922	1,134	0,791	1,008	1,005	0,842	0,878	0,844	0,802	0,583	0,567	0,904	0,994	1,014	0,805	1,003	1,053	1,006	0,917	0,904	0,808	0,645	0,635	1,040	1,039	1,053	0,775	1,037	0,982	0,854	1,037	0,848	0,836	0,654	0,664	0,894	0,954	1,072	0,860	1,101	1,088	1,035	0,930	0,994	0,902	0,805	0,751	1,087	0,994	1,138
22:00:19	37,0	0,809	1,069	1,063	0,920	0,926	0,938	0,898	0,725	0,778	0,988	1,001	0,989	0,786	1,007	1,007	0,938	0,891	0,971	0,817	0,659	0,630	0,923	0,959	1,037	0,815	1,003	1,010	0,858	0,854	0,921	0,831	0,621	0,664	0,897	0,994	1,036	0,792	0,976	1,017	0,927	0,981	0,914	0,808	0,608	0,678	0,899	0,921	1,133	0,791	1,007	1,004	0,842	0,876	0,844	0,803	0,581	0,564	0,903	0,992	1,014	0,805	1,001	1,054	1,006	0,917	0,902	0,810	0,643	0,633	1,040	1,040	1,054	0,774	1,036	0,982	0,853	1,037	0,849	0,837	0,653	0,662	0,892	0,955	1,071	0,859	1,099	1,088	1,035	0,931	0,993	0,904	0,804	0,749	1,087	0,995	1,137
22:10:19	37,0	0,810	1,070	1,063	0,921	0,927	0,939	0,901	0,726	0,780	0,989	1,002	0,989	0,786	1,006	1,008	0,937	0,890	0,972	0,820	0,654	0,628	0,921	0,958	1,037	0,816	1,004	1,011	0,859	0,854	0,921	0,833	0,620	0,663	0,896	0,994	1,036	0,793	0,976	1,018	0,926	0,981	0,913	0,809	0,607	0,676	0,898	0,921	1,133	0,791	1,007	1,005	0,844	0,877	0,846	0,805	0,579	0,563	0,903	0,993	1,016	0,804	1,000	1,054	1,006	0,918	0,903	0,811	0,642	0,632	1,041	1,041	1,055	0,774	1,036	0,983	0,854	1,036	0,847	0,838	0,652	0,663	0,893	0,955	1,072	0,860	1,100	1,088	1,035	0,931	0,995	0,908	0,802	0,749	1,087	0,996	1,137
22:20:19	37,0	0,811	1,071	1,064	0,924	0,928	0,941	0,902	0,727	0,781	0,992	1,005	0,990	0,785	1,007	1,009	0,939	0,891	0,971	0,819	0,654	0,626	0,922	0,960	1,039	0,817	1,003	1,012	0,856	0,852	0,921	0,832	0,617	0,660	0,896	0,993	1,038	0,793	0,977	1,016	0,927	0,978	0,914	0,809	0,604	0,676	0,898	0,921	1,133	0,792	1,007	1,006	0,843	0,877	0,844	0,805	0,577	0,563	0,902	0,994	1,018	0,804	1,000	1,054	1,007	0,917	0,902	0,811	0,644	0,630	1,042	1,042	1,057	0,774	1,037	0,981	0,853	1,039	0,848	0,840	0,650	0,666	0,894	0,955	1,072	0,857	1,100	1,088	1,035	0,933	0,995	0,911	0,803	0,749	1,087	0,998	1,136
22:30:19	37,0	0,812	1,069	1,063	0,923	0,928	0,942	0,904	0,726	0,780	0,992	1,003	0,989	0,784	1,009	1,009	0,938	0,890	0,972	0,818	0,650	0,623	0,921	0,958	1,037	0,815	1,004	1,012	0,858	0,853	0,921	0,834	0,615	0,660	0,896	0,992	1,037	0,794	0,977	1,018	0,928	0,982	0,914	0,810	0,601	0,674	0,898	0,920	1,131	0,793	1,007	1,007	0,843	0,877	0,844	0,805	0,577	0,558	0,901	0,993	1,018	0,805	1,000	1,053	1,005	0,917	0,903	0,813	0,641	0,628	1,042	1,042	1,057	0,773	1,036	0,983	0,852	1,039	0,850	0,842	0,648	0,666	0,894	0,955	1,072	0,860	1,100	1,087	1,035	0,932	0,995	0,913	0,801	0,747	1,088	0,997	1,136
22:40:19	37,0	0,811	1,069	1,062	0,923	0,929	0,943	0,906	0,724	0,779	0,991	1,003	0,988	0,783	1,009	1,009	0,939	0,889	0,972	0,818	0,648	0,618	0,922	0,958	1,036	0,816	1,004	1,012	0,856	0,853	0,921	0,833	0,612	0,657	0,895	0,992	1,036	0,794	0,977	1,017	0,928	0,981	0,915	0,810	0,600	0,672	0,897	0,920	1,131	0,793	1,006	1,007	0,844	0,876	0,844	0,804	0,577	0,557	0,901	0,991	1,018	0,804	1,000	1,054	1,005	0,917	0,903	0,812	0,639	0,625	1,043	1,042	1,058	0,775	1,036	0,982	0,851	1,041	0,849	0,842	0,644	0,663	0,893	0,955	1,071	0,860	1,098	1,087	1,037	0,933	0,996	0,916	0,801	0,745	1,088	0,998	1,135
22:50:19	37,0	0,810	1,069	1,062	0,924	0,929	0,942	0,908	0,723	0,776	0,990	1,003	0,988	0,782	1,009	1,008	0,939	0,890	0,974	0,820	0,647	0,616	0,923	0,956	1,035	0,817	1,003	1,012	0,858	0,855	0,921	0,833	0,610	0,655	0,894	0,993	1,035	0,793	0,976	1,017	0,927	0,981	0,917	0,811	0,601	0,670	0,897	0,919	1,129	0,791	1,007	1,008	0,843	0,876	0,844	0,805	0,574	0,556	0,900	0,991	1,018	0,804	1,001	1,054	1,005	0,917	0,903	0,812	0,637	0,622	1,044	1,042	1,057	0,774	1,036	0,983	0,852	1,041	0,851	0,843	0,646	0,661	0,893	0,955	1,070	0,859	1,097	1,088	1,038	0,935	0,996	0,918	0,799	0,744	1,087	0,997	1,135
23:00:19	37,0	0,810	1,068	1,062	0,924	0,928	0,943	0,910	0,722	0,776	0,989	1,002	0,987	0,782	1,009	1,010	0,940	0,891	0,975	0,820	0,645	0,615	0,923	0,955	1,034	0,816	1,005	1,013	0,858	0,854	0,922	0,834	0,608	0,656	0,893	0,994	1,034	0,793	0,976	1,017	0,927	0,983	0,918	0,813	0,601	0,669	0,896	0,918	1,127	0,790	1,006	1,009	0,843	0,875	0,846	0,806	0,570	0,554	0,899	0,991	1,017	0,804	1,002	1,054	1,004	0,917	0,903	0,812	0,635	0,621	1,043	1,042	1,057	0,774	1,036	0,984	0,854	1,041	0,850	0,844	0,647	0,660	0,893	0,955	1,069	0,857	1,098	1,089	1,039	0,934	0,997	0,922	0,801	0,742	1,087	0,996	1,135
23:10:19	37,0	0,810	1,068	1,062	0,924	0,929	0,943	0,912	0,721	0,773	0,989	1,001	0,986	0,780	1,008	1,010	0,939	0,892	0,974	0,821	0,641	0,614	0,921	0,955	1,033	0,817	1,005	1,014	0,858	0,855	0,923	0,834	0,609	0,654	0,893	0,993	1,033	0,794	0,976	1,017	0,926	0,982	0,916	0,815	0,599	0,667	0,896	0,917	1,125	0,790	1,007	1,010	0,842	0,875	0,846	0,806	0,571	0,552	0,899	0,990	1,016	0,803	1,004	1,054	1,004	0,917	0,904	0,811	0,634	0,623	1,043	1,042	1,057	0,775	1,036	0,984	0,854	1,042	0,852	0,846	0,647	0,658	0,892	0,954	1,068	0,859	1,098	1,088	1,040	0,935	0,997	0,922	0,799	0,741	1,086	0,996	1,134
23:20:19	37,0	0,811	1,069	1,064	0,927	0,933	0,946	0,914	0,722	0,777	0,992	1,004	0,989	0,780	1,009	1,013	0,940	0,893	0,975	0,821	0,639	0,615	0,920	0,955	1,033	0,817	1,005	1,014	0,857	0,854	0,923	0,834	0,607	0,655	0,893	0,992	1,033	0,794	0,976	1,016	0,925	0,982	0,916	0,814	0,598	0,667	0,894	0,917	1,126	0,791	1,006	1,009	0,841	0,875	0,846	0,806	0,572	0,548	0,898	0,991	1,020	0,804	1,002	1,055	1,003	0,916	0,904	0,812	0,635	0,621	1,044	1,043	1,059	0,775	1,036	0,981	0,854	1,041	0,850	0,845	0,641	0,658	0,893	0,954	1,070	0,862	1,098	1,088	1,040	0,935	0,999	0,925	0,797	0,741	1,087	0,999	1,134
23:30:19	36,9	0,810	1,068	1,063	0,925	0,932	0,944	0,914	0,719	0,773	0,990	1,003	0,987	0,780	1,009	1,013	0,938	0,894	0,977	0,822	0,639	0,613	0,918	0,955	1,031	0,817	1,006	1,014	0,857	0,854	0,924	0,833	0,605	0,653	0,892	0,993	1,032	0,794	0,975	1,016	0,925	0,982	0,916	0,815	0,596	0,665	0,895	0,916	1,123	0,789	1,006	1,008	0,842	0,874	0,846	0,805	0,576	0,544	0,898	0,989	1,017	0,802	1,002	1,054	1,002	0,916	0,903	0,812	0,634	0,619	1,043	1,042	1,059	0,775	1,036	0,983	0,850	1,042	0,850	0,844	0,639	0,658	0,892	0,954	1,068	0,859	1,096	1,086	1,040	0,934	0,998	0,926	0,795	0,738	1,086	0,997	1,134
23:40:19	37,0	0,812	1,069	1,063	0,927	0,932	0,946	0,917	0,719	0,773	0,992	1,005	0,986	0,778	1,010	1,012	0,939	0,893	0,976	0,823	0,637	0,613	0,919	0,955	1,030	0,816	1,006	1,013	0,856	0,854	0,922	0,834	0,606	0,650	0,891	0,993	1,032	0,795	0,975	1,017	0,927	0,983	0,915	0,817	0,592	0,663	0,895	0,914	1,123	0,790	1,005	1,008	0,842	0,875	0,845	0,806	0,574	0,544	0,897	0,990	1,020	0,803	1,002	1,054	1,001	0,917	0,901	0,812	0,632	0,619	1,044	1,043	1,060	0,775	1,035	0,982	0,852	1,041	0,851	0,844	0,639	0,656	0,892	0,954	1,069	0,859	1,096	1,086	1,040	0,935	0,999	0,929	0,795	0,738	1,086	0,998	1,134
23:50:19	37,0	0,813	1,069	1,063	0,928	0,931	0,945	0,917	0,719	0,773	0,993	1,005	0,987	0,778	1,009	1,011	0,939	0,892	0,975	0,822	0,635	0,613	0,919	0,956	1,030	0,816	1,006	1,014	0,854	0,853	0,922	0,835	0,605	0,648	0,891	0,993	1,032	0,797	0,975	1,016	0,924	0,983	0,915	0,817	0,591	0,663	0,894	0,914	1,122	0,790	1,005	1,009	0,841	0,873	0,845	0,807	0,573	0,544	0,896	0,991	1,020	0,803	1,001	1,054	1,001	0,918	0,902	0,813	0,630	0,620	1,045	1,044	1,060	0,775	1,035	0,982	0,852	1,041	0,851	0,846	0,637	0,653	0,894	0,954	1,069	0,859	1,096	1,086	1,040	0,936	0,999	0,930	0,794	0,736	1,086	0,997	1,135
24:00:19	37,0	0,813	1,069	1,064	0,929	0,935	0,946	0,918	0,719	0,775	0,996	1,007	0,987	0,778	1,010	1,012	0,938	0,892	0,975	0,823	0,635	0,613	0,919	0,956	1,030	0,817	1,006	1,015	0,854	0,854	0,923	0,836	0,602	0,646	0,890	0,993	1,032	0,796	0,975	1,016	0,925	0,983	0,917	0,817	0,588	0,663	0,894	0,914	1,123	0,791	1,005	1,009	0,841	0,873	0,845	0,807	0,571	0,542	0,896	0,992	1,024	0,803	1,000	1,055	1,002	0,918	0,902	0,813	0,629	0,619	1,045	1,044	1,062	0,774	1,035	0,981	0,853	1,042	0,850	0,846	0,637	0,653	0,894	0,955	1,070	0,860	1,095	1,087	1,040	0,937	0,999	0,931	0,792	0,736	1,087	1,000	1,135