Time	TOpticalDensity600	A1	A2	A3	A4	A5	A6	A7	A8	A9	A10	A11	A12	B1	B2	B3	B4	B5	B6	B7	B8	B9	B10	B11	B12	C1	C2	C3	C4	C5	C6	C7	C8	C9	C10	C11	C12	D1	D2	D3	D4	D5	D6	D7	D8	D9	D10	D11	D12	E1	E2	E3	E4	E5	E6	E7	E8	E9	E10	E11	E12	F1	F2	F3	F4	F5	F6	F7	F8	F9	F10	F11	F12	G1	G2	G3	G4	G5	G6	G7	G8	G9	G10	G11	G12	H1	H2	H3	H4	H5	H6	H7	H8	H9	H10	H11	H12
0:00:19	27,6	0,092	0,089	0,091	0,092	0,093	0,092	0,092	0,091	0,091	0,092	0,092	0,090	0,094	0,093	0,090	0,093	0,091	0,094	0,092	0,092	0,093	0,092	0,092	0,093	0,093	0,091	0,090	0,090	0,091	0,091	0,090	0,091	0,092	0,093	0,094	0,091	0,093	0,089	0,091	0,091	0,091	0,090	0,092	0,096	0,091	0,094	0,094	0,092	0,093	0,093	0,092	0,091	0,089	0,090	0,089	0,092	0,090	0,094	0,095	0,090	0,093	0,094	0,093	0,091	0,090	0,089	0,090	0,094	0,090	0,093	0,094	0,091	0,092	0,091	0,092	0,093	0,090	0,092	0,093	0,092	0,090	0,094	0,093	0,090	0,093	0,097	0,091	0,091	0,089	0,090	0,093	0,092	0,093	0,095	0,094	0,090
0:10:19	37,0	0,092	0,089	0,091	0,091	0,092	0,091	0,092	0,090	0,091	0,092	0,091	0,090	0,094	0,093	0,090	0,092	0,090	0,093	0,091	0,092	0,092	0,092	0,092	0,093	0,093	0,091	0,090	0,090	0,091	0,091	0,089	0,091	0,091	0,093	0,093	0,091	0,093	0,089	0,090	0,091	0,090	0,089	0,092	0,095	0,090	0,094	0,094	0,091	0,093	0,093	0,091	0,091	0,089	0,090	0,089	0,091	0,090	0,094	0,094	0,091	0,093	0,094	0,092	0,090	0,090	0,088	0,089	0,093	0,090	0,093	0,094	0,091	0,092	0,091	0,091	0,093	0,090	0,091	0,092	0,092	0,090	0,093	0,093	0,090	0,092	0,096	0,091	0,090	0,088	0,089	0,092	0,092	0,092	0,095	0,093	0,090
0:20:19	37,0	0,092	0,090	0,092	0,092	0,092	0,091	0,092	0,091	0,091	0,092	0,092	0,090	0,093	0,093	0,090	0,092	0,090	0,093	0,091	0,092	0,092	0,092	0,092	0,093	0,094	0,091	0,090	0,090	0,091	0,091	0,089	0,091	0,092	0,094	0,094	0,092	0,093	0,089	0,090	0,091	0,091	0,090	0,092	0,095	0,091	0,094	0,095	0,092	0,093	0,093	0,091	0,091	0,089	0,090	0,089	0,092	0,090	0,095	0,095	0,091	0,093	0,094	0,093	0,091	0,090	0,089	0,089	0,093	0,090	0,093	0,095	0,091	0,092	0,091	0,091	0,093	0,090	0,091	0,093	0,092	0,090	0,094	0,093	0,090	0,092	0,097	0,091	0,091	0,088	0,090	0,092	0,092	0,092	0,095	0,093	0,091
0:30:19	37,0	0,092	0,090	0,092	0,092	0,093	0,092	0,092	0,091	0,092	0,093	0,093	0,091	0,094	0,093	0,091	0,093	0,090	0,093	0,091	0,092	0,093	0,093	0,093	0,094	0,094	0,092	0,090	0,091	0,091	0,091	0,090	0,091	0,092	0,095	0,095	0,093	0,093	0,090	0,091	0,091	0,091	0,090	0,092	0,095	0,091	0,094	0,095	0,093	0,093	0,094	0,092	0,091	0,089	0,090	0,089	0,091	0,091	0,095	0,095	0,092	0,094	0,094	0,093	0,091	0,090	0,089	0,090	0,093	0,090	0,093	0,095	0,092	0,092	0,092	0,092	0,094	0,090	0,092	0,093	0,092	0,090	0,094	0,094	0,091	0,093	0,097	0,092	0,091	0,089	0,090	0,092	0,092	0,093	0,095	0,094	0,092
0:40:19	37,0	0,093	0,091	0,093	0,093	0,093	0,092	0,093	0,092	0,092	0,094	0,094	0,092	0,094	0,094	0,091	0,093	0,091	0,094	0,092	0,093	0,093	0,094	0,093	0,095	0,095	0,093	0,091	0,091	0,092	0,092	0,090	0,092	0,093	0,095	0,096	0,094	0,094	0,090	0,092	0,092	0,091	0,091	0,092	0,095	0,092	0,095	0,096	0,093	0,094	0,095	0,092	0,092	0,089	0,091	0,090	0,092	0,091	0,096	0,096	0,093	0,094	0,095	0,094	0,091	0,090	0,089	0,090	0,093	0,091	0,094	0,096	0,093	0,093	0,093	0,093	0,094	0,091	0,092	0,093	0,092	0,091	0,095	0,095	0,092	0,093	0,098	0,093	0,092	0,089	0,091	0,092	0,092	0,094	0,096	0,095	0,093
0:50:19	37,0	0,094	0,092	0,094	0,094	0,094	0,093	0,094	0,092	0,093	0,095	0,095	0,094	0,095	0,095	0,093	0,095	0,091	0,095	0,093	0,093	0,095	0,096	0,095	0,096	0,096	0,094	0,093	0,093	0,093	0,093	0,091	0,092	0,094	0,097	0,097	0,095	0,095	0,092	0,093	0,093	0,092	0,091	0,093	0,096	0,093	0,096	0,097	0,095	0,095	0,096	0,093	0,093	0,090	0,092	0,091	0,093	0,092	0,097	0,098	0,094	0,095	0,096	0,095	0,092	0,091	0,090	0,091	0,094	0,093	0,095	0,097	0,095	0,094	0,094	0,094	0,096	0,091	0,093	0,094	0,093	0,092	0,096	0,096	0,094	0,095	0,099	0,094	0,093	0,090	0,092	0,093	0,093	0,095	0,098	0,096	0,095
1:00:19	37,0	0,096	0,095	0,096	0,096	0,095	0,095	0,095	0,094	0,095	0,097	0,097	0,096	0,097	0,097	0,095	0,097	0,093	0,097	0,094	0,095	0,097	0,098	0,098	0,099	0,098	0,096	0,095	0,095	0,094	0,095	0,093	0,094	0,096	0,099	0,099	0,097	0,097	0,093	0,095	0,095	0,093	0,093	0,095	0,097	0,095	0,099	0,100	0,097	0,097	0,098	0,095	0,096	0,091	0,093	0,092	0,094	0,094	0,099	0,100	0,097	0,097	0,098	0,097	0,094	0,093	0,091	0,092	0,095	0,095	0,098	0,100	0,097	0,096	0,096	0,097	0,098	0,093	0,095	0,095	0,095	0,094	0,099	0,098	0,097	0,097	0,102	0,096	0,095	0,092	0,094	0,095	0,095	0,097	0,100	0,099	0,097
1:10:19	37,0	0,100	0,098	0,100	0,099	0,098	0,099	0,098	0,097	0,098	0,101	0,101	0,099	0,100	0,101	0,098	0,100	0,095	0,100	0,096	0,097	0,100	0,101	0,101	0,102	0,101	0,099	0,098	0,098	0,096	0,098	0,095	0,097	0,099	0,102	0,103	0,101	0,100	0,097	0,098	0,099	0,096	0,096	0,097	0,100	0,098	0,102	0,103	0,100	0,100	0,101	0,099	0,099	0,094	0,095	0,095	0,097	0,097	0,102	0,103	0,100	0,101	0,102	0,100	0,098	0,096	0,094	0,095	0,098	0,098	0,101	0,103	0,101	0,100	0,100	0,100	0,101	0,095	0,098	0,098	0,097	0,097	0,102	0,102	0,101	0,100	0,105	0,100	0,098	0,094	0,097	0,097	0,098	0,101	0,104	0,103	0,102
1:20:19	37,0	0,104	0,103	0,105	0,104	0,101	0,103	0,101	0,100	0,103	0,106	0,106	0,104	0,105	0,105	0,103	0,104	0,099	0,104	0,100	0,101	0,104	0,107	0,106	0,107	0,106	0,104	0,103	0,102	0,100	0,102	0,098	0,100	0,103	0,107	0,108	0,106	0,105	0,102	0,103	0,103	0,099	0,100	0,100	0,104	0,102	0,107	0,108	0,105	0,105	0,106	0,102	0,103	0,097	0,099	0,098	0,100	0,102	0,107	0,108	0,105	0,105	0,107	0,104	0,102	0,099	0,097	0,098	0,102	0,102	0,106	0,108	0,106	0,104	0,104	0,105	0,105	0,098	0,102	0,102	0,101	0,101	0,107	0,107	0,106	0,105	0,110	0,105	0,103	0,098	0,101	0,101	0,102	0,106	0,109	0,108	0,107
1:30:19	37,0	0,111	0,111	0,112	0,110	0,106	0,110	0,106	0,106	0,109	0,114	0,114	0,111	0,112	0,113	0,110	0,111	0,104	0,111	0,105	0,106	0,110	0,113	0,114	0,115	0,113	0,112	0,111	0,109	0,104	0,108	0,103	0,105	0,110	0,114	0,115	0,113	0,112	0,110	0,111	0,110	0,104	0,106	0,106	0,109	0,109	0,114	0,116	0,112	0,112	0,113	0,110	0,110	0,102	0,103	0,103	0,105	0,108	0,114	0,116	0,112	0,113	0,114	0,111	0,108	0,103	0,102	0,103	0,108	0,108	0,113	0,116	0,113	0,111	0,112	0,113	0,112	0,103	0,107	0,107	0,106	0,108	0,114	0,115	0,115	0,112	0,117	0,114	0,109	0,103	0,108	0,107	0,107	0,114	0,117	0,116	0,116
1:40:19	37,0	0,120	0,123	0,125	0,120	0,114	0,119	0,114	0,114	0,118	0,124	0,125	0,121	0,122	0,125	0,122	0,121	0,111	0,120	0,112	0,114	0,120	0,124	0,125	0,126	0,123	0,124	0,123	0,119	0,112	0,117	0,110	0,113	0,119	0,125	0,126	0,123	0,122	0,121	0,122	0,120	0,112	0,116	0,113	0,118	0,118	0,125	0,127	0,122	0,121	0,125	0,120	0,120	0,109	0,110	0,110	0,114	0,118	0,125	0,126	0,123	0,123	0,126	0,122	0,119	0,111	0,109	0,110	0,116	0,118	0,122	0,127	0,125	0,120	0,124	0,125	0,122	0,110	0,116	0,114	0,115	0,118	0,124	0,126	0,128	0,121	0,129	0,127	0,119	0,110	0,117	0,114	0,116	0,126	0,127	0,128	0,129
1:50:19	37,0	0,136	0,138	0,137	0,133	0,125	0,132	0,124	0,125	0,131	0,139	0,140	0,137	0,137	0,139	0,135	0,134	0,122	0,133	0,123	0,126	0,133	0,138	0,140	0,141	0,137	0,138	0,136	0,132	0,122	0,128	0,120	0,123	0,131	0,139	0,141	0,139	0,137	0,135	0,136	0,130	0,121	0,126	0,123	0,129	0,131	0,138	0,142	0,138	0,137	0,139	0,133	0,130	0,118	0,120	0,120	0,125	0,130	0,138	0,141	0,136	0,137	0,139	0,136	0,131	0,121	0,119	0,121	0,128	0,130	0,137	0,143	0,141	0,135	0,138	0,139	0,137	0,120	0,128	0,125	0,127	0,130	0,140	0,141	0,144	0,136	0,144	0,141	0,133	0,121	0,129	0,125	0,128	0,139	0,143	0,144	0,146
2:00:19	37,0	0,150	0,154	0,152	0,148	0,138	0,145	0,137	0,138	0,145	0,153	0,156	0,154	0,153	0,154	0,149	0,149	0,135	0,145	0,135	0,138	0,147	0,151	0,155	0,157	0,152	0,153	0,151	0,147	0,134	0,141	0,132	0,135	0,144	0,152	0,156	0,153	0,152	0,149	0,152	0,146	0,133	0,138	0,136	0,140	0,146	0,154	0,158	0,154	0,151	0,154	0,149	0,145	0,132	0,132	0,133	0,136	0,144	0,153	0,156	0,151	0,152	0,153	0,152	0,145	0,134	0,132	0,134	0,142	0,145	0,152	0,158	0,158	0,148	0,154	0,154	0,151	0,133	0,142	0,139	0,141	0,146	0,155	0,157	0,159	0,151	0,160	0,157	0,147	0,135	0,143	0,140	0,142	0,154	0,160	0,161	0,161
2:10:19	37,0	0,166	0,174	0,172	0,165	0,152	0,162	0,151	0,154	0,161	0,170	0,172	0,169	0,169	0,174	0,168	0,167	0,149	0,161	0,149	0,154	0,163	0,168	0,171	0,173	0,169	0,173	0,173	0,165	0,148	0,158	0,147	0,151	0,163	0,170	0,172	0,172	0,168	0,169	0,173	0,163	0,146	0,154	0,151	0,155	0,161	0,170	0,175	0,169	0,168	0,174	0,167	0,162	0,145	0,146	0,147	0,154	0,161	0,171	0,174	0,168	0,170	0,174	0,171	0,162	0,147	0,147	0,148	0,158	0,163	0,169	0,175	0,174	0,165	0,174	0,174	0,169	0,146	0,157	0,153	0,157	0,163	0,172	0,174	0,176	0,169	0,180	0,178	0,164	0,150	0,158	0,155	0,160	0,172	0,175	0,177	0,179
2:20:19	37,0	0,187	0,196	0,195	0,184	0,169	0,180	0,167	0,171	0,180	0,189	0,194	0,189	0,190	0,198	0,192	0,188	0,164	0,180	0,166	0,174	0,184	0,187	0,194	0,194	0,191	0,198	0,197	0,186	0,165	0,176	0,164	0,169	0,183	0,190	0,193	0,192	0,189	0,193	0,197	0,186	0,164	0,175	0,172	0,177	0,183	0,189	0,194	0,187	0,189	0,197	0,190	0,183	0,160	0,163	0,164	0,170	0,180	0,189	0,195	0,190	0,192	0,198	0,195	0,184	0,163	0,164	0,165	0,176	0,182	0,184	0,195	0,195	0,187	0,198	0,197	0,189	0,162	0,174	0,170	0,175	0,184	0,189	0,194	0,198	0,190	0,203	0,201	0,184	0,166	0,176	0,170	0,180	0,194	0,194	0,198	0,202
2:30:19	37,0	0,210	0,224	0,219	0,206	0,189	0,205	0,188	0,191	0,203	0,216	0,224	0,219	0,216	0,223	0,216	0,211	0,186	0,206	0,186	0,196	0,209	0,214	0,223	0,224	0,215	0,223	0,225	0,212	0,188	0,203	0,185	0,192	0,207	0,216	0,223	0,221	0,214	0,218	0,224	0,207	0,186	0,202	0,197	0,198	0,209	0,214	0,222	0,218	0,213	0,224	0,214	0,208	0,184	0,184	0,183	0,191	0,203	0,217	0,222	0,219	0,219	0,225	0,220	0,208	0,183	0,185	0,184	0,197	0,208	0,210	0,224	0,223	0,211	0,224	0,223	0,212	0,184	0,199	0,190	0,197	0,208	0,216	0,223	0,229	0,216	0,227	0,228	0,206	0,187	0,200	0,190	0,204	0,220	0,221	0,228	0,234
2:40:19	37,0	0,235	0,253	0,251	0,233	0,214	0,231	0,212	0,215	0,229	0,248	0,257	0,253	0,245	0,254	0,247	0,241	0,214	0,232	0,211	0,223	0,237	0,246	0,255	0,258	0,245	0,255	0,259	0,240	0,214	0,232	0,209	0,216	0,235	0,246	0,254	0,253	0,241	0,247	0,257	0,234	0,216	0,236	0,227	0,228	0,237	0,245	0,256	0,251	0,241	0,254	0,243	0,240	0,209	0,209	0,204	0,215	0,230	0,248	0,253	0,251	0,252	0,252	0,250	0,235	0,209	0,211	0,207	0,222	0,236	0,240	0,256	0,258	0,239	0,254	0,252	0,241	0,209	0,226	0,213	0,222	0,235	0,247	0,258	0,263	0,246	0,255	0,257	0,233	0,212	0,227	0,213	0,235	0,250	0,255	0,261	0,267
2:50:19	37,0	0,261	0,284	0,283	0,262	0,241	0,257	0,238	0,242	0,260	0,281	0,289	0,287	0,275	0,286	0,282	0,274	0,239	0,262	0,237	0,253	0,272	0,279	0,288	0,291	0,276	0,287	0,289	0,270	0,242	0,263	0,236	0,244	0,264	0,279	0,288	0,288	0,270	0,278	0,291	0,261	0,247	0,263	0,261	0,261	0,271	0,276	0,287	0,281	0,270	0,279	0,271	0,276	0,235	0,236	0,229	0,243	0,257	0,276	0,285	0,283	0,288	0,281	0,280	0,264	0,236	0,238	0,232	0,250	0,263	0,270	0,289	0,288	0,268	0,280	0,282	0,270	0,235	0,254	0,240	0,252	0,262	0,279	0,290	0,292	0,274	0,284	0,289	0,261	0,236	0,255	0,239	0,269	0,278	0,288	0,292	0,296
3:00:19	37,0	0,290	0,317	0,321	0,295	0,269	0,284	0,269	0,272	0,289	0,299	0,304	0,306	0,308	0,322	0,317	0,309	0,272	0,288	0,267	0,283	0,304	0,301	0,306	0,311	0,306	0,323	0,325	0,307	0,273	0,293	0,265	0,278	0,295	0,297	0,303	0,305	0,312	0,308	0,325	0,296	0,277	0,293	0,292	0,291	0,310	0,292	0,303	0,299	0,297	0,315	0,301	0,307	0,261	0,263	0,254	0,271	0,286	0,294	0,296	0,297	0,326	0,318	0,313	0,298	0,264	0,265	0,259	0,276	0,291	0,288	0,300	0,305	0,299	0,315	0,316	0,302	0,263	0,283	0,267	0,280	0,289	0,296	0,306	0,303	0,303	0,319	0,322	0,295	0,262	0,283	0,266	0,302	0,308	0,305	0,304	0,311
3:10:19	37,0	0,315	0,344	0,354	0,326	0,299	0,316	0,300	0,301	0,316	0,312	0,315	0,318	0,339	0,352	0,353	0,340	0,303	0,321	0,295	0,314	0,341	0,309	0,320	0,324	0,338	0,352	0,350	0,346	0,305	0,327	0,298	0,309	0,330	0,308	0,318	0,321	0,352	0,346	0,357	0,331	0,308	0,329	0,331	0,325	0,345	0,306	0,316	0,312	0,324	0,350	0,330	0,335	0,289	0,289	0,278	0,298	0,311	0,309	0,312	0,311	0,361	0,351	0,346	0,327	0,294	0,293	0,285	0,303	0,314	0,296	0,311	0,319	0,324	0,339	0,341	0,330	0,293	0,310	0,295	0,308	0,313	0,312	0,320	0,315	0,329	0,350	0,349	0,321	0,292	0,313	0,293	0,336	0,335	0,319	0,317	0,321
3:20:19	37,0	0,337	0,361	0,381	0,342	0,322	0,335	0,332	0,324	0,340	0,324	0,329	0,332	0,362	0,375	0,380	0,369	0,330	0,344	0,325	0,345	0,374	0,324	0,332	0,338	0,362	0,372	0,382	0,369	0,333	0,355	0,327	0,341	0,362	0,322	0,329	0,337	0,385	0,375	0,377	0,358	0,330	0,364	0,376	0,371	0,389	0,321	0,328	0,325	0,342	0,378	0,356	0,357	0,314	0,313	0,301	0,322	0,338	0,318	0,326	0,327	0,386	0,376	0,366	0,348	0,318	0,317	0,309	0,328	0,334	0,307	0,323	0,333	0,343	0,360	0,358	0,350	0,316	0,332	0,320	0,330	0,333	0,323	0,332	0,331	0,350	0,374	0,370	0,342	0,315	0,335	0,319	0,364	0,355	0,334	0,331	0,335
3:30:19	37,0	0,365	0,381	0,407	0,360	0,339	0,351	0,352	0,348	0,362	0,330	0,339	0,346	0,383	0,392	0,404	0,391	0,349	0,361	0,357	0,378	0,397	0,339	0,346	0,351	0,385	0,388	0,417	0,392	0,349	0,376	0,351	0,367	0,390	0,335	0,338	0,353	0,419	0,399	0,397	0,389	0,355	0,390	0,408	0,420	0,421	0,342	0,341	0,338	0,363	0,398	0,382	0,377	0,334	0,332	0,320	0,342	0,356	0,332	0,342	0,350	0,406	0,398	0,377	0,364	0,336	0,335	0,328	0,351	0,351	0,317	0,335	0,348	0,358	0,386	0,373	0,364	0,332	0,347	0,339	0,350	0,350	0,335	0,341	0,349	0,366	0,392	0,385	0,359	0,332	0,350	0,338	0,386	0,372	0,350	0,343	0,347
3:40:19	37,0	0,396	0,398	0,428	0,375	0,355	0,364	0,370	0,371	0,386	0,347	0,352	0,358	0,402	0,414	0,420	0,412	0,365	0,378	0,379	0,403	0,423	0,355	0,366	0,369	0,412	0,401	0,449	0,404	0,362	0,395	0,376	0,389	0,412	0,345	0,351	0,372	0,442	0,416	0,413	0,406	0,384	0,410	0,444	0,446	0,449	0,360	0,354	0,352	0,377	0,418	0,397	0,392	0,352	0,346	0,334	0,361	0,372	0,345	0,353	0,370	0,415	0,418	0,391	0,377	0,349	0,351	0,343	0,367	0,368	0,327	0,351	0,360	0,373	0,409	0,386	0,378	0,347	0,359	0,353	0,366	0,365	0,345	0,353	0,359	0,381	0,406	0,399	0,374	0,344	0,363	0,353	0,405	0,390	0,366	0,357	0,356
3:50:19	37,0	0,422	0,410	0,435	0,384	0,367	0,375	0,383	0,390	0,400	0,360	0,362	0,376	0,416	0,432	0,434	0,422	0,381	0,393	0,404	0,421	0,436	0,367	0,373	0,385	0,430	0,414	0,463	0,413	0,372	0,406	0,414	0,413	0,435	0,357	0,360	0,385	0,455	0,430	0,425	0,420	0,408	0,426	0,474	0,459	0,475	0,374	0,362	0,366	0,399	0,435	0,411	0,410	0,368	0,360	0,348	0,381	0,385	0,357	0,364	0,390	0,428	0,432	0,405	0,389	0,360	0,363	0,355	0,378	0,386	0,338	0,363	0,373	0,384	0,427	0,399	0,390	0,360	0,370	0,368	0,379	0,378	0,357	0,366	0,371	0,391	0,414	0,407	0,385	0,357	0,374	0,369	0,417	0,402	0,379	0,372	0,374
4:00:19	37,0	0,437	0,425	0,440	0,394	0,377	0,382	0,393	0,405	0,415	0,374	0,373	0,387	0,426	0,445	0,439	0,432	0,389	0,399	0,423	0,433	0,452	0,388	0,383	0,400	0,444	0,421	0,471	0,418	0,380	0,412	0,439	0,430	0,453	0,373	0,370	0,397	0,464	0,437	0,436	0,427	0,424	0,428	0,491	0,476	0,483	0,383	0,373	0,376	0,416	0,442	0,424	0,426	0,381	0,366	0,358	0,394	0,398	0,374	0,373	0,395	0,433	0,442	0,417	0,398	0,373	0,374	0,368	0,391	0,393	0,350	0,373	0,383	0,392	0,438	0,406	0,397	0,371	0,375	0,379	0,388	0,388	0,368	0,375	0,379	0,401	0,423	0,414	0,394	0,363	0,385	0,381	0,425	0,408	0,393	0,383	0,379
4:10:19	37,0	0,445	0,440	0,441	0,402	0,383	0,388	0,407	0,414	0,420	0,389	0,383	0,400	0,438	0,459	0,440	0,440	0,394	0,400	0,435	0,442	0,462	0,404	0,392	0,412	0,448	0,425	0,472	0,424	0,384	0,418	0,451	0,443	0,465	0,384	0,380	0,404	0,470	0,442	0,444	0,431	0,434	0,431	0,494	0,480	0,483	0,393	0,379	0,381	0,423	0,446	0,433	0,436	0,393	0,371	0,364	0,405	0,407	0,391	0,378	0,405	0,446	0,454	0,427	0,406	0,386	0,385	0,377	0,397	0,399	0,363	0,384	0,393	0,399	0,446	0,412	0,405	0,376	0,380	0,388	0,394	0,394	0,379	0,383	0,388	0,409	0,434	0,416	0,401	0,374	0,393	0,390	0,436	0,416	0,404	0,393	0,391
4:20:19	37,0	0,447	0,454	0,443	0,411	0,387	0,394	0,414	0,418	0,427	0,401	0,392	0,406	0,458	0,476	0,444	0,451	0,396	0,406	0,443	0,447	0,468	0,420	0,400	0,423	0,453	0,432	0,473	0,434	0,388	0,422	0,455	0,446	0,472	0,395	0,388	0,411	0,475	0,452	0,452	0,441	0,441	0,439	0,491	0,477	0,487	0,406	0,388	0,389	0,426	0,456	0,442	0,444	0,402	0,378	0,371	0,413	0,414	0,402	0,385	0,406	0,445	0,469	0,436	0,414	0,392	0,394	0,384	0,403	0,406	0,375	0,391	0,400	0,401	0,455	0,416	0,410	0,383	0,384	0,395	0,399	0,400	0,388	0,390	0,395	0,422	0,444	0,424	0,405	0,384	0,402	0,399	0,443	0,415	0,416	0,403	0,399
4:30:19	37,0	0,450	0,467	0,444	0,419	0,392	0,400	0,417	0,417	0,429	0,410	0,400	0,411	0,481	0,492	0,451	0,459	0,398	0,409	0,456	0,451	0,470	0,439	0,409	0,434	0,463	0,440	0,477	0,445	0,392	0,425	0,461	0,446	0,474	0,408	0,398	0,417	0,480	0,461	0,457	0,450	0,448	0,443	0,487	0,478	0,487	0,415	0,397	0,396	0,434	0,466	0,449	0,450	0,414	0,384	0,379	0,419	0,417	0,407	0,394	0,417	0,447	0,482	0,447	0,420	0,400	0,401	0,391	0,411	0,410	0,384	0,399	0,409	0,406	0,463	0,422	0,411	0,390	0,389	0,403	0,402	0,405	0,394	0,397	0,403	0,435	0,455	0,429	0,411	0,392	0,408	0,402	0,443	0,419	0,425	0,409	0,408
4:40:19	37,0	0,455	0,478	0,446	0,433	0,399	0,404	0,420	0,421	0,431	0,418	0,406	0,415	0,498	0,503	0,457	0,470	0,405	0,416	0,464	0,452	0,471	0,461	0,419	0,446	0,474	0,449	0,482	0,458	0,403	0,427	0,462	0,447	0,475	0,420	0,405	0,426	0,484	0,469	0,461	0,459	0,456	0,447	0,482	0,477	0,485	0,419	0,407	0,403	0,442	0,476	0,455	0,458	0,422	0,393	0,385	0,426	0,418	0,418	0,402	0,422	0,448	0,494	0,460	0,429	0,409	0,410	0,398	0,420	0,416	0,391	0,412	0,417	0,416	0,470	0,430	0,419	0,397	0,395	0,407	0,408	0,410	0,401	0,405	0,408	0,448	0,466	0,434	0,417	0,399	0,415	0,402	0,447	0,424	0,432	0,415	0,415
4:50:19	37,0	0,460	0,490	0,452	0,449	0,411	0,405	0,428	0,425	0,437	0,429	0,412	0,420	0,504	0,511	0,468	0,482	0,425	0,424	0,471	0,457	0,474	0,478	0,430	0,454	0,482	0,463	0,488	0,473	0,421	0,431	0,461	0,452	0,479	0,430	0,412	0,439	0,489	0,477	0,468	0,467	0,466	0,451	0,485	0,479	0,487	0,426	0,417	0,413	0,450	0,486	0,462	0,467	0,433	0,404	0,394	0,434	0,417	0,432	0,412	0,435	0,452	0,505	0,473	0,440	0,423	0,418	0,405	0,427	0,425	0,401	0,420	0,426	0,424	0,478	0,437	0,426	0,405	0,400	0,412	0,412	0,418	0,409	0,411	0,413	0,458	0,478	0,442	0,421	0,405	0,419	0,410	0,450	0,425	0,436	0,420	0,420
5:00:19	36,9	0,471	0,500	0,459	0,463	0,424	0,410	0,435	0,429	0,439	0,438	0,421	0,429	0,510	0,521	0,479	0,495	0,436	0,431	0,475	0,460	0,477	0,487	0,444	0,463	0,488	0,479	0,492	0,484	0,436	0,438	0,462	0,457	0,484	0,439	0,420	0,452	0,498	0,485	0,475	0,475	0,474	0,453	0,486	0,482	0,493	0,433	0,423	0,431	0,460	0,494	0,469	0,474	0,439	0,412	0,403	0,442	0,418	0,440	0,419	0,452	0,459	0,513	0,485	0,452	0,436	0,427	0,412	0,433	0,431	0,406	0,428	0,431	0,433	0,486	0,446	0,431	0,412	0,403	0,416	0,417	0,422	0,416	0,416	0,420	0,474	0,488	0,450	0,426	0,408	0,421	0,411	0,453	0,429	0,442	0,427	0,430
5:10:19	37,0	0,479	0,506	0,469	0,476	0,439	0,415	0,439	0,433	0,442	0,447	0,429	0,436	0,520	0,529	0,489	0,501	0,444	0,440	0,479	0,462	0,481	0,489	0,452	0,470	0,499	0,489	0,498	0,491	0,446	0,448	0,463	0,464	0,489	0,445	0,429	0,464	0,506	0,494	0,485	0,484	0,477	0,457	0,488	0,489	0,498	0,438	0,431	0,446	0,474	0,500	0,478	0,482	0,444	0,418	0,411	0,448	0,422	0,448	0,426	0,455	0,465	0,520	0,499	0,460	0,448	0,433	0,418	0,439	0,437	0,414	0,438	0,441	0,440	0,494	0,456	0,444	0,422	0,409	0,423	0,423	0,429	0,423	0,421	0,425	0,481	0,501	0,458	0,429	0,414	0,428	0,419	0,457	0,433	0,447	0,434	0,431
5:20:19	37,0	0,486	0,512	0,479	0,484	0,450	0,422	0,447	0,439	0,445	0,454	0,437	0,442	0,532	0,538	0,493	0,507	0,454	0,449	0,483	0,464	0,484	0,489	0,469	0,476	0,505	0,495	0,505	0,498	0,456	0,457	0,465	0,468	0,492	0,448	0,431	0,474	0,517	0,502	0,492	0,492	0,481	0,459	0,489	0,493	0,500	0,447	0,440	0,459	0,487	0,507	0,482	0,491	0,450	0,427	0,418	0,455	0,429	0,452	0,433	0,462	0,472	0,528	0,509	0,471	0,457	0,441	0,428	0,442	0,449	0,421	0,442	0,448	0,451	0,503	0,465	0,449	0,432	0,415	0,428	0,428	0,434	0,426	0,427	0,434	0,495	0,512	0,466	0,437	0,420	0,432	0,421	0,461	0,439	0,453	0,441	0,440
5:30:19	37,0	0,500	0,519	0,490	0,490	0,460	0,428	0,458	0,443	0,447	0,462	0,442	0,458	0,542	0,543	0,499	0,511	0,461	0,458	0,486	0,469	0,488	0,496	0,483	0,478	0,515	0,504	0,511	0,505	0,466	0,465	0,470	0,471	0,495	0,454	0,434	0,477	0,527	0,508	0,499	0,497	0,488	0,461	0,491	0,498	0,504	0,455	0,445	0,465	0,496	0,514	0,490	0,499	0,456	0,435	0,426	0,462	0,438	0,453	0,439	0,464	0,479	0,534	0,520	0,481	0,469	0,451	0,435	0,449	0,466	0,429	0,447	0,454	0,464	0,511	0,477	0,458	0,442	0,421	0,432	0,433	0,442	0,433	0,430	0,439	0,507	0,524	0,476	0,442	0,427	0,438	0,424	0,462	0,446	0,460	0,448	0,448
5:40:19	37,0	0,506	0,526	0,498	0,495	0,473	0,436	0,466	0,449	0,454	0,472	0,453	0,464	0,550	0,548	0,505	0,518	0,471	0,464	0,492	0,477	0,494	0,500	0,488	0,482	0,517	0,514	0,518	0,514	0,476	0,471	0,474	0,475	0,497	0,457	0,437	0,483	0,533	0,514	0,506	0,505	0,494	0,464	0,497	0,503	0,508	0,460	0,458	0,470	0,502	0,520	0,496	0,506	0,463	0,444	0,434	0,469	0,444	0,456	0,445	0,468	0,487	0,540	0,529	0,490	0,475	0,458	0,442	0,457	0,469	0,435	0,454	0,457	0,478	0,519	0,485	0,468	0,453	0,426	0,440	0,441	0,449	0,444	0,432	0,445	0,517	0,534	0,486	0,450	0,434	0,445	0,433	0,465	0,453	0,468	0,458	0,463
5:50:19	37,0	0,516	0,535	0,509	0,500	0,483	0,446	0,474	0,456	0,459	0,477	0,456	0,471	0,558	0,552	0,512	0,526	0,479	0,470	0,496	0,483	0,497	0,503	0,487	0,487	0,525	0,525	0,525	0,522	0,483	0,479	0,481	0,481	0,502	0,461	0,441	0,490	0,538	0,521	0,510	0,511	0,501	0,471	0,504	0,509	0,513	0,465	0,463	0,480	0,510	0,527	0,502	0,513	0,470	0,451	0,443	0,477	0,453	0,458	0,451	0,472	0,493	0,547	0,539	0,501	0,482	0,466	0,449	0,463	0,482	0,443	0,456	0,466	0,491	0,526	0,494	0,482	0,462	0,432	0,451	0,447	0,455	0,449	0,438	0,451	0,524	0,546	0,495	0,457	0,440	0,451	0,437	0,469	0,461	0,474	0,465	0,470
6:00:19	36,9	0,527	0,541	0,517	0,510	0,490	0,457	0,480	0,462	0,464	0,478	0,463	0,478	0,560	0,556	0,518	0,533	0,487	0,478	0,501	0,488	0,502	0,511	0,487	0,492	0,530	0,538	0,529	0,530	0,491	0,485	0,488	0,487	0,508	0,464	0,449	0,498	0,545	0,531	0,516	0,519	0,506	0,475	0,511	0,515	0,517	0,469	0,470	0,485	0,518	0,536	0,509	0,520	0,477	0,459	0,453	0,485	0,463	0,461	0,456	0,474	0,502	0,555	0,547	0,512	0,490	0,475	0,459	0,471	0,495	0,451	0,459	0,472	0,505	0,535	0,503	0,495	0,471	0,442	0,459	0,453	0,466	0,454	0,439	0,458	0,531	0,555	0,502	0,465	0,449	0,458	0,445	0,473	0,469	0,476	0,471	0,479
6:10:19	37,0	0,529	0,550	0,525	0,518	0,496	0,462	0,487	0,467	0,467	0,481	0,475	0,485	0,565	0,564	0,520	0,536	0,495	0,483	0,507	0,498	0,506	0,517	0,489	0,497	0,534	0,550	0,533	0,536	0,501	0,493	0,495	0,492	0,514	0,476	0,457	0,503	0,552	0,541	0,524	0,526	0,512	0,481	0,513	0,524	0,522	0,477	0,485	0,487	0,523	0,543	0,518	0,525	0,482	0,466	0,463	0,491	0,473	0,468	0,466	0,479	0,508	0,562	0,556	0,523	0,495	0,483	0,471	0,479	0,510	0,464	0,466	0,478	0,516	0,545	0,513	0,503	0,482	0,450	0,470	0,463	0,474	0,457	0,442	0,468	0,543	0,566	0,512	0,473	0,456	0,462	0,451	0,477	0,478	0,480	0,486	0,492
6:20:19	36,9	0,534	0,559	0,530	0,526	0,507	0,469	0,496	0,473	0,470	0,488	0,484	0,498	0,571	0,566	0,527	0,539	0,504	0,492	0,512	0,508	0,515	0,522	0,498	0,500	0,540	0,563	0,538	0,541	0,509	0,500	0,501	0,496	0,517	0,485	0,473	0,506	0,557	0,549	0,531	0,533	0,518	0,486	0,519	0,531	0,531	0,484	0,499	0,495	0,528	0,551	0,524	0,532	0,488	0,473	0,473	0,499	0,480	0,476	0,489	0,491	0,513	0,573	0,563	0,529	0,503	0,492	0,480	0,486	0,521	0,481	0,478	0,483	0,532	0,555	0,518	0,515	0,492	0,455	0,480	0,472	0,484	0,462	0,450	0,476	0,551	0,577	0,522	0,481	0,465	0,470	0,462	0,481	0,484	0,491	0,507	0,505
6:30:19	37,0	0,539	0,568	0,539	0,531	0,516	0,478	0,504	0,478	0,475	0,500	0,495	0,512	0,575	0,571	0,534	0,548	0,510	0,500	0,518	0,514	0,522	0,530	0,505	0,511	0,544	0,579	0,548	0,549	0,515	0,507	0,507	0,500	0,523	0,507	0,490	0,509	0,568	0,560	0,539	0,539	0,523	0,495	0,525	0,536	0,540	0,494	0,510	0,508	0,534	0,561	0,531	0,538	0,495	0,480	0,483	0,506	0,486	0,488	0,507	0,502	0,520	0,584	0,569	0,537	0,510	0,501	0,489	0,492	0,533	0,499	0,499	0,490	0,541	0,566	0,528	0,527	0,500	0,465	0,491	0,482	0,493	0,475	0,462	0,483	0,563	0,589	0,532	0,488	0,476	0,478	0,469	0,486	0,493	0,499	0,531	0,520
6:40:19	37,0	0,547	0,578	0,546	0,542	0,524	0,484	0,509	0,483	0,483	0,514	0,507	0,524	0,579	0,578	0,540	0,552	0,517	0,510	0,521	0,521	0,530	0,536	0,517	0,523	0,552	0,596	0,556	0,556	0,521	0,513	0,510	0,506	0,527	0,520	0,510	0,513	0,574	0,572	0,546	0,547	0,530	0,500	0,533	0,540	0,548	0,508	0,525	0,529	0,541	0,571	0,538	0,544	0,500	0,489	0,490	0,512	0,491	0,503	0,523	0,520	0,528	0,596	0,577	0,547	0,518	0,513	0,497	0,500	0,544	0,518	0,529	0,505	0,552	0,579	0,538	0,540	0,509	0,474	0,501	0,490	0,506	0,490	0,478	0,491	0,568	0,601	0,542	0,496	0,485	0,488	0,475	0,495	0,500	0,513	0,547	0,532
6:50:19	37,0	0,554	0,589	0,552	0,551	0,532	0,492	0,516	0,490	0,485	0,527	0,519	0,545	0,585	0,588	0,547	0,555	0,521	0,517	0,528	0,527	0,535	0,543	0,531	0,536	0,558	0,620	0,562	0,566	0,528	0,522	0,516	0,510	0,533	0,533	0,524	0,521	0,579	0,585	0,552	0,553	0,536	0,507	0,539	0,548	0,554	0,526	0,539	0,547	0,547	0,583	0,545	0,551	0,507	0,498	0,497	0,518	0,494	0,514	0,538	0,544	0,535	0,611	0,587	0,552	0,524	0,521	0,506	0,509	0,553	0,534	0,551	0,521	0,563	0,590	0,547	0,550	0,515	0,480	0,511	0,499	0,513	0,501	0,498	0,505	0,581	0,613	0,557	0,504	0,494	0,493	0,488	0,500	0,507	0,524	0,566	0,554
7:00:19	37,0	0,561	0,600	0,559	0,562	0,544	0,497	0,523	0,497	0,491	0,542	0,531	0,564	0,596	0,599	0,556	0,562	0,528	0,524	0,532	0,534	0,541	0,550	0,543	0,547	0,563	0,632	0,566	0,572	0,535	0,528	0,521	0,516	0,541	0,543	0,538	0,532	0,587	0,598	0,558	0,559	0,542	0,509	0,545	0,555	0,560	0,540	0,553	0,565	0,554	0,594	0,552	0,556	0,513	0,503	0,506	0,524	0,503	0,527	0,551	0,570	0,540	0,626	0,594	0,560	0,530	0,530	0,514	0,517	0,563	0,551	0,570	0,542	0,574	0,604	0,557	0,560	0,524	0,490	0,518	0,505	0,522	0,515	0,519	0,521	0,587	0,626	0,571	0,511	0,504	0,501	0,497	0,510	0,516	0,537	0,581	0,577
7:10:19	37,0	0,574	0,613	0,566	0,572	0,552	0,504	0,527	0,502	0,496	0,556	0,549	0,584	0,605	0,609	0,563	0,569	0,532	0,529	0,537	0,539	0,547	0,557	0,553	0,565	0,567	0,647	0,572	0,577	0,541	0,533	0,528	0,521	0,545	0,553	0,550	0,547	0,592	0,613	0,564	0,566	0,549	0,514	0,549	0,561	0,566	0,552	0,567	0,580	0,560	0,609	0,559	0,563	0,519	0,507	0,513	0,530	0,510	0,542	0,563	0,591	0,548	0,640	0,605	0,566	0,536	0,539	0,523	0,525	0,570	0,568	0,586	0,558	0,583	0,623	0,568	0,570	0,532	0,497	0,524	0,514	0,532	0,531	0,532	0,535	0,593	0,640	0,586	0,518	0,514	0,509	0,507	0,518	0,522	0,553	0,596	0,594
7:20:19	37,0	0,583	0,629	0,575	0,579	0,559	0,508	0,535	0,509	0,501	0,572	0,566	0,597	0,609	0,626	0,570	0,577	0,538	0,534	0,542	0,546	0,550	0,564	0,567	0,577	0,573	0,661	0,580	0,585	0,548	0,539	0,534	0,525	0,553	0,560	0,562	0,555	0,600	0,630	0,570	0,572	0,553	0,522	0,555	0,569	0,571	0,567	0,578	0,593	0,564	0,620	0,566	0,570	0,525	0,513	0,520	0,536	0,517	0,554	0,577	0,608	0,555	0,659	0,613	0,573	0,542	0,548	0,530	0,534	0,576	0,582	0,601	0,572	0,591	0,645	0,579	0,581	0,539	0,506	0,536	0,524	0,535	0,546	0,547	0,552	0,605	0,667	0,604	0,528	0,523	0,518	0,511	0,520	0,527	0,565	0,608	0,613
7:30:19	37,0	0,587	0,649	0,584	0,587	0,571	0,514	0,542	0,518	0,506	0,582	0,581	0,608	0,619	0,639	0,576	0,581	0,542	0,540	0,546	0,552	0,555	0,571	0,577	0,594	0,583	0,676	0,586	0,592	0,553	0,547	0,540	0,529	0,559	0,568	0,574	0,564	0,605	0,652	0,579	0,579	0,557	0,529	0,560	0,574	0,576	0,577	0,589	0,607	0,569	0,634	0,574	0,577	0,532	0,521	0,526	0,542	0,526	0,565	0,586	0,623	0,560	0,679	0,619	0,580	0,547	0,554	0,538	0,541	0,586	0,595	0,613	0,587	0,596	0,666	0,592	0,593	0,544	0,510	0,544	0,532	0,543	0,561	0,562	0,566	0,611	0,687	0,621	0,537	0,530	0,524	0,520	0,530	0,534	0,579	0,619	0,627
7:40:19	37,0	0,596	0,660	0,593	0,596	0,576	0,520	0,549	0,523	0,516	0,592	0,591	0,623	0,628	0,656	0,584	0,588	0,546	0,545	0,548	0,558	0,563	0,578	0,587	0,608	0,592	0,692	0,594	0,602	0,560	0,551	0,545	0,534	0,565	0,576	0,582	0,578	0,613	0,664	0,587	0,588	0,564	0,534	0,567	0,579	0,584	0,586	0,599	0,621	0,574	0,656	0,582	0,585	0,539	0,525	0,535	0,550	0,533	0,575	0,596	0,634	0,567	0,697	0,626	0,590	0,553	0,563	0,545	0,548	0,595	0,603	0,624	0,597	0,608	0,679	0,611	0,603	0,550	0,516	0,552	0,542	0,550	0,574	0,572	0,578	0,612	0,705	0,653	0,545	0,537	0,531	0,527	0,536	0,540	0,590	0,628	0,638
7:50:19	37,0	0,608	0,675	0,600	0,602	0,583	0,524	0,554	0,530	0,523	0,601	0,601	0,623	0,635	0,671	0,589	0,595	0,550	0,549	0,552	0,561	0,567	0,584	0,595	0,620	0,596	0,705	0,601	0,607	0,565	0,555	0,552	0,537	0,571	0,583	0,590	0,586	0,624	0,673	0,593	0,593	0,567	0,539	0,572	0,583	0,590	0,593	0,611	0,632	0,582	0,676	0,591	0,592	0,544	0,531	0,539	0,555	0,536	0,584	0,606	0,647	0,575	0,711	0,635	0,596	0,559	0,572	0,550	0,557	0,601	0,612	0,632	0,611	0,616	0,691	0,637	0,612	0,558	0,520	0,559	0,550	0,556	0,587	0,583	0,595	0,620	0,721	0,672	0,555	0,546	0,538	0,532	0,546	0,546	0,603	0,638	0,651
8:00:19	37,0	0,620	0,691	0,610	0,610	0,590	0,528	0,563	0,538	0,527	0,610	0,611	0,636	0,642	0,681	0,595	0,600	0,556	0,554	0,557	0,566	0,571	0,592	0,604	0,631	0,604	0,719	0,607	0,613	0,569	0,560	0,559	0,541	0,577	0,591	0,599	0,599	0,628	0,689	0,599	0,600	0,573	0,541	0,577	0,589	0,598	0,600	0,619	0,645	0,592	0,689	0,600	0,597	0,551	0,535	0,544	0,561	0,538	0,593	0,616	0,658	0,583	0,727	0,647	0,604	0,563	0,583	0,560	0,563	0,606	0,621	0,643	0,622	0,623	0,714	0,651	0,633	0,565	0,526	0,568	0,556	0,566	0,597	0,592	0,608	0,633	0,738	0,688	0,566	0,554	0,545	0,542	0,553	0,554	0,615	0,649	0,663
8:10:19	37,0	0,630	0,706	0,617	0,623	0,597	0,539	0,565	0,543	0,533	0,618	0,620	0,647	0,648	0,693	0,605	0,607	0,563	0,559	0,565	0,569	0,579	0,598	0,613	0,642	0,610	0,730	0,614	0,618	0,572	0,563	0,565	0,545	0,580	0,600	0,608	0,608	0,635	0,709	0,604	0,607	0,577	0,546	0,581	0,595	0,605	0,608	0,627	0,655	0,597	0,702	0,611	0,606	0,556	0,540	0,551	0,566	0,544	0,602	0,626	0,667	0,588	0,738	0,655	0,611	0,568	0,591	0,563	0,568	0,611	0,632	0,653	0,631	0,634	0,731	0,667	0,647	0,573	0,535	0,576	0,561	0,574	0,606	0,601	0,618	0,642	0,749	0,702	0,577	0,562	0,552	0,550	0,556	0,559	0,627	0,659	0,674
8:20:19	37,0	0,638	0,719	0,627	0,636	0,605	0,546	0,574	0,550	0,538	0,626	0,627	0,661	0,658	0,704	0,612	0,617	0,569	0,564	0,567	0,574	0,585	0,605	0,621	0,651	0,618	0,745	0,619	0,627	0,580	0,569	0,569	0,548	0,583	0,607	0,615	0,617	0,641	0,717	0,612	0,617	0,585	0,552	0,588	0,603	0,610	0,617	0,634	0,667	0,601	0,715	0,621	0,616	0,561	0,546	0,558	0,573	0,548	0,612	0,635	0,678	0,595	0,748	0,667	0,618	0,574	0,599	0,571	0,576	0,617	0,644	0,662	0,641	0,645	0,741	0,674	0,670	0,579	0,541	0,582	0,566	0,576	0,615	0,609	0,627	0,655	0,765	0,718	0,595	0,570	0,556	0,554	0,562	0,566	0,638	0,668	0,684
8:30:19	37,0	0,650	0,733	0,644	0,650	0,617	0,553	0,584	0,557	0,549	0,636	0,637	0,674	0,663	0,713	0,617	0,627	0,573	0,564	0,572	0,579	0,589	0,612	0,630	0,663	0,627	0,755	0,625	0,638	0,587	0,571	0,573	0,553	0,586	0,615	0,622	0,626	0,647	0,730	0,620	0,628	0,591	0,556	0,595	0,607	0,615	0,625	0,644	0,681	0,610	0,723	0,631	0,625	0,569	0,553	0,565	0,577	0,554	0,621	0,645	0,688	0,603	0,759	0,678	0,628	0,579	0,609	0,579	0,579	0,627	0,652	0,672	0,650	0,658	0,756	0,691	0,682	0,585	0,544	0,588	0,570	0,583	0,625	0,618	0,641	0,658	0,776	0,730	0,610	0,578	0,563	0,562	0,568	0,565	0,650	0,678	0,696
8:40:19	37,0	0,659	0,745	0,658	0,666	0,625	0,554	0,589	0,564	0,555	0,645	0,645	0,683	0,668	0,722	0,627	0,640	0,576	0,566	0,574	0,585	0,591	0,619	0,637	0,672	0,634	0,769	0,633	0,648	0,593	0,576	0,579	0,555	0,592	0,623	0,630	0,639	0,654	0,744	0,627	0,641	0,598	0,560	0,600	0,614	0,620	0,631	0,654	0,695	0,618	0,737	0,649	0,639	0,574	0,559	0,571	0,584	0,561	0,627	0,654	0,698	0,615	0,770	0,691	0,641	0,584	0,622	0,586	0,589	0,633	0,659	0,682	0,663	0,675	0,769	0,700	0,697	0,595	0,549	0,595	0,576	0,589	0,633	0,624	0,650	0,665	0,789	0,743	0,627	0,585	0,569	0,567	0,571	0,571	0,661	0,688	0,706
8:50:19	37,0	0,671	0,757	0,676	0,680	0,632	0,556	0,596	0,568	0,562	0,649	0,652	0,693	0,675	0,734	0,637	0,654	0,579	0,566	0,578	0,591	0,598	0,626	0,646	0,683	0,640	0,784	0,642	0,662	0,597	0,578	0,584	0,557	0,598	0,632	0,637	0,650	0,661	0,756	0,635	0,656	0,602	0,563	0,606	0,618	0,626	0,637	0,662	0,709	0,629	0,749	0,664	0,654	0,580	0,565	0,576	0,586	0,567	0,635	0,662	0,706	0,623	0,784	0,704	0,657	0,589	0,635	0,591	0,595	0,639	0,669	0,689	0,672	0,692	0,785	0,719	0,705	0,600	0,557	0,601	0,582	0,597	0,645	0,634	0,659	0,678	0,803	0,755	0,643	0,595	0,580	0,574	0,580	0,579	0,672	0,697	0,717
9:00:19	37,0	0,687	0,771	0,692	0,692	0,641	0,561	0,603	0,575	0,566	0,659	0,660	0,701	0,684	0,743	0,645	0,665	0,584	0,568	0,582	0,595	0,604	0,633	0,653	0,692	0,647	0,797	0,649	0,672	0,602	0,580	0,589	0,560	0,603	0,638	0,645	0,662	0,665	0,769	0,644	0,664	0,607	0,565	0,609	0,620	0,632	0,646	0,671	0,723	0,634	0,766	0,676	0,659	0,584	0,570	0,580	0,592	0,572	0,643	0,673	0,714	0,626	0,797	0,720	0,666	0,594	0,647	0,597	0,598	0,641	0,678	0,698	0,681	0,708	0,800	0,732	0,714	0,607	0,563	0,607	0,588	0,600	0,653	0,641	0,668	0,688	0,817	0,766	0,656	0,606	0,591	0,582	0,582	0,583	0,683	0,707	0,728
9:10:19	37,0	0,700	0,785	0,696	0,701	0,645	0,571	0,606	0,577	0,570	0,666	0,668	0,711	0,689	0,754	0,656	0,672	0,589	0,572	0,588	0,599	0,610	0,641	0,661	0,700	0,655	0,806	0,658	0,682	0,607	0,585	0,596	0,565	0,607	0,646	0,654	0,666	0,671	0,780	0,652	0,675	0,612	0,567	0,613	0,626	0,636	0,651	0,679	0,737	0,640	0,775	0,689	0,670	0,589	0,574	0,587	0,597	0,577	0,651	0,683	0,723	0,635	0,808	0,735	0,676	0,599	0,656	0,601	0,602	0,648	0,686	0,707	0,692	0,723	0,810	0,741	0,727	0,614	0,569	0,612	0,595	0,604	0,661	0,647	0,678	0,696	0,829	0,778	0,666	0,616	0,600	0,586	0,585	0,589	0,695	0,717	0,738
9:20:19	37,0	0,715	0,797	0,708	0,711	0,651	0,580	0,614	0,583	0,579	0,673	0,676	0,722	0,697	0,764	0,667	0,681	0,594	0,574	0,591	0,602	0,614	0,648	0,667	0,711	0,665	0,814	0,666	0,693	0,612	0,588	0,599	0,569	0,612	0,654	0,660	0,673	0,676	0,794	0,666	0,682	0,618	0,569	0,616	0,631	0,643	0,660	0,688	0,753	0,649	0,786	0,703	0,678	0,596	0,582	0,591	0,600	0,581	0,660	0,694	0,733	0,642	0,819	0,742	0,687	0,603	0,666	0,605	0,608	0,658	0,694	0,715	0,702	0,736	0,821	0,753	0,737	0,617	0,576	0,619	0,598	0,608	0,670	0,654	0,686	0,700	0,840	0,791	0,680	0,626	0,608	0,591	0,593	0,591	0,705	0,726	0,750
9:30:19	37,0	0,729	0,806	0,719	0,724	0,655	0,592	0,619	0,584	0,583	0,681	0,685	0,729	0,708	0,775	0,680	0,693	0,597	0,579	0,595	0,608	0,619	0,656	0,674	0,718	0,675	0,827	0,674	0,704	0,617	0,588	0,604	0,573	0,616	0,662	0,666	0,678	0,681	0,803	0,677	0,691	0,623	0,573	0,621	0,636	0,649	0,668	0,697	0,765	0,655	0,796	0,714	0,686	0,602	0,588	0,597	0,604	0,585	0,668	0,702	0,740	0,649	0,830	0,754	0,697	0,610	0,675	0,610	0,612	0,658	0,703	0,723	0,711	0,748	0,833	0,764	0,752	0,622	0,582	0,625	0,601	0,612	0,679	0,661	0,694	0,705	0,853	0,803	0,690	0,631	0,616	0,595	0,599	0,600	0,716	0,736	0,760
9:40:19	37,0	0,744	0,820	0,732	0,736	0,662	0,600	0,623	0,591	0,589	0,690	0,692	0,739	0,719	0,787	0,692	0,702	0,603	0,578	0,600	0,614	0,623	0,664	0,680	0,725	0,684	0,836	0,692	0,712	0,626	0,592	0,610	0,577	0,621	0,670	0,674	0,689	0,688	0,818	0,694	0,701	0,628	0,566	0,626	0,642	0,652	0,676	0,705	0,782	0,663	0,806	0,724	0,699	0,608	0,595	0,603	0,608	0,588	0,675	0,713	0,749	0,659	0,842	0,765	0,708	0,615	0,684	0,617	0,616	0,664	0,713	0,732	0,721	0,763	0,847	0,773	0,763	0,626	0,588	0,630	0,604	0,619	0,688	0,670	0,703	0,713	0,864	0,816	0,701	0,642	0,627	0,603	0,606	0,604	0,726	0,746	0,772
9:50:19	37,0	0,757	0,834	0,742	0,746	0,670	0,612	0,629	0,597	0,595	0,699	0,699	0,750	0,732	0,797	0,702	0,710	0,609	0,580	0,604	0,621	0,625	0,671	0,689	0,730	0,696	0,848	0,707	0,721	0,629	0,593	0,613	0,579	0,626	0,678	0,680	0,693	0,695	0,830	0,698	0,708	0,632	0,571	0,631	0,647	0,656	0,682	0,716	0,795	0,671	0,822	0,733	0,711	0,616	0,603	0,608	0,611	0,590	0,682	0,724	0,758	0,669	0,856	0,777	0,720	0,622	0,693	0,623	0,623	0,676	0,720	0,741	0,731	0,776	0,856	0,782	0,776	0,632	0,594	0,634	0,609	0,625	0,699	0,678	0,710	0,721	0,875	0,827	0,711	0,651	0,635	0,604	0,611	0,608	0,738	0,756	0,783
10:00:19	37,0	0,770	0,844	0,754	0,758	0,673	0,620	0,633	0,598	0,600	0,708	0,708	0,755	0,742	0,806	0,710	0,719	0,614	0,581	0,606	0,624	0,631	0,679	0,694	0,739	0,706	0,857	0,718	0,729	0,635	0,594	0,618	0,582	0,629	0,686	0,687	0,701	0,700	0,840	0,706	0,717	0,639	0,579	0,636	0,650	0,659	0,690	0,724	0,810	0,680	0,832	0,742	0,721	0,621	0,605	0,613	0,617	0,592	0,691	0,734	0,767	0,679	0,865	0,792	0,728	0,627	0,702	0,626	0,629	0,682	0,728	0,749	0,740	0,788	0,864	0,795	0,789	0,638	0,598	0,640	0,614	0,629	0,707	0,686	0,718	0,731	0,885	0,839	0,723	0,659	0,645	0,614	0,613	0,613	0,748	0,766	0,794
10:10:19	37,0	0,781	0,852	0,764	0,771	0,677	0,627	0,637	0,605	0,607	0,716	0,713	0,762	0,756	0,813	0,720	0,726	0,618	0,584	0,608	0,627	0,636	0,686	0,699	0,748	0,717	0,864	0,724	0,738	0,640	0,600	0,622	0,586	0,631	0,695	0,695	0,706	0,709	0,848	0,714	0,726	0,644	0,583	0,640	0,655	0,662	0,698	0,732	0,822	0,691	0,842	0,754	0,730	0,625	0,610	0,617	0,621	0,596	0,700	0,745	0,774	0,688	0,877	0,798	0,738	0,631	0,711	0,631	0,631	0,688	0,736	0,758	0,748	0,799	0,877	0,808	0,801	0,645	0,605	0,644	0,618	0,632	0,717	0,694	0,725	0,740	0,896	0,850	0,733	0,667	0,654	0,614	0,617	0,617	0,757	0,775	0,803
10:20:19	36,9	0,794	0,863	0,775	0,782	0,683	0,640	0,642	0,606	0,615	0,724	0,719	0,771	0,771	0,823	0,731	0,736	0,624	0,588	0,612	0,634	0,640	0,694	0,706	0,753	0,728	0,869	0,731	0,748	0,646	0,604	0,626	0,589	0,636	0,702	0,701	0,719	0,718	0,856	0,725	0,737	0,651	0,600	0,644	0,659	0,667	0,704	0,740	0,837	0,700	0,852	0,769	0,741	0,633	0,616	0,623	0,625	0,601	0,708	0,755	0,782	0,699	0,884	0,803	0,746	0,636	0,719	0,635	0,635	0,698	0,745	0,765	0,758	0,811	0,888	0,820	0,810	0,650	0,611	0,648	0,625	0,637	0,725	0,701	0,733	0,750	0,907	0,859	0,746	0,675	0,663	0,620	0,624	0,617	0,768	0,784	0,812
10:30:19	37,0	0,806	0,874	0,787	0,792	0,688	0,653	0,649	0,605	0,616	0,732	0,726	0,773	0,781	0,829	0,738	0,746	0,631	0,607	0,619	0,635	0,644	0,700	0,715	0,762	0,739	0,876	0,737	0,754	0,649	0,611	0,631	0,593	0,642	0,710	0,708	0,721	0,727	0,865	0,733	0,745	0,655	0,619	0,649	0,661	0,671	0,711	0,750	0,851	0,711	0,858	0,779	0,750	0,638	0,623	0,627	0,627	0,605	0,714	0,765	0,789	0,710	0,896	0,814	0,757	0,642	0,724	0,639	0,639	0,707	0,752	0,774	0,766	0,823	0,894	0,828	0,823	0,656	0,618	0,651	0,628	0,642	0,735	0,709	0,741	0,761	0,914	0,868	0,754	0,683	0,670	0,625	0,628	0,623	0,777	0,794	0,822
10:40:19	37,0	0,816	0,882	0,796	0,803	0,694	0,666	0,658	0,614	0,621	0,740	0,732	0,788	0,794	0,843	0,748	0,757	0,637	0,622	0,621	0,638	0,648	0,709	0,721	0,771	0,750	0,884	0,748	0,766	0,657	0,629	0,635	0,597	0,646	0,719	0,714	0,731	0,736	0,872	0,742	0,757	0,661	0,629	0,654	0,665	0,675	0,720	0,758	0,865	0,721	0,869	0,787	0,759	0,643	0,630	0,632	0,630	0,609	0,723	0,775	0,797	0,719	0,902	0,828	0,766	0,648	0,731	0,644	0,643	0,713	0,761	0,783	0,775	0,834	0,904	0,836	0,835	0,661	0,626	0,657	0,631	0,648	0,743	0,717	0,749	0,772	0,926	0,878	0,765	0,690	0,679	0,627	0,636	0,623	0,787	0,804	0,833
10:50:19	37,0	0,826	0,891	0,807	0,815	0,700	0,672	0,662	0,622	0,627	0,749	0,739	0,797	0,801	0,849	0,755	0,766	0,642	0,634	0,624	0,642	0,653	0,717	0,728	0,778	0,762	0,890	0,757	0,776	0,661	0,645	0,640	0,601	0,651	0,728	0,723	0,741	0,743	0,880	0,751	0,766	0,665	0,636	0,658	0,668	0,680	0,728	0,768	0,879	0,731	0,877	0,797	0,773	0,648	0,634	0,636	0,634	0,614	0,731	0,782	0,804	0,730	0,912	0,839	0,776	0,653	0,737	0,647	0,647	0,720	0,769	0,790	0,783	0,845	0,909	0,844	0,844	0,665	0,632	0,660	0,633	0,652	0,752	0,724	0,757	0,782	0,934	0,885	0,774	0,698	0,684	0,633	0,639	0,629	0,797	0,813	0,843
11:00:19	37,0	0,838	0,902	0,819	0,827	0,706	0,679	0,666	0,624	0,634	0,755	0,746	0,801	0,810	0,856	0,764	0,774	0,643	0,642	0,628	0,646	0,656	0,722	0,735	0,783	0,771	0,898	0,764	0,785	0,666	0,651	0,643	0,603	0,649	0,734	0,728	0,740	0,752	0,886	0,757	0,776	0,667	0,644	0,660	0,672	0,685	0,735	0,775	0,894	0,741	0,886	0,807	0,781	0,654	0,638	0,640	0,638	0,616	0,740	0,791	0,813	0,742	0,917	0,850	0,785	0,656	0,743	0,653	0,649	0,727	0,777	0,798	0,791	0,856	0,916	0,853	0,857	0,669	0,638	0,665	0,638	0,654	0,762	0,732	0,764	0,794	0,945	0,897	0,784	0,705	0,693	0,637	0,643	0,632	0,808	0,822	0,853
11:10:19	37,0	0,844	0,907	0,826	0,836	0,712	0,684	0,667	0,629	0,637	0,762	0,750	0,811	0,817	0,867	0,774	0,784	0,647	0,650	0,631	0,651	0,661	0,730	0,741	0,793	0,777	0,907	0,773	0,796	0,670	0,659	0,647	0,606	0,652	0,743	0,734	0,754	0,763	0,898	0,766	0,787	0,674	0,650	0,664	0,678	0,692	0,743	0,783	0,907	0,751	0,894	0,817	0,789	0,656	0,642	0,643	0,641	0,619	0,746	0,801	0,820	0,750	0,926	0,859	0,793	0,661	0,748	0,656	0,656	0,735	0,785	0,806	0,800	0,862	0,923	0,859	0,868	0,676	0,644	0,672	0,642	0,657	0,770	0,738	0,772	0,801	0,950	0,904	0,795	0,709	0,698	0,641	0,647	0,639	0,816	0,829	0,860
11:20:19	37,0	0,853	0,915	0,835	0,848	0,717	0,693	0,671	0,633	0,646	0,771	0,757	0,821	0,827	0,875	0,783	0,794	0,652	0,655	0,633	0,654	0,665	0,739	0,746	0,801	0,788	0,911	0,783	0,804	0,674	0,665	0,650	0,609	0,654	0,750	0,741	0,760	0,770	0,902	0,776	0,795	0,678	0,655	0,668	0,683	0,693	0,750	0,791	0,920	0,762	0,900	0,826	0,799	0,661	0,645	0,647	0,645	0,623	0,754	0,809	0,825	0,764	0,935	0,867	0,802	0,666	0,754	0,659	0,661	0,742	0,793	0,813	0,807	0,872	0,930	0,869	0,877	0,677	0,648	0,674	0,643	0,660	0,779	0,744	0,778	0,808	0,960	0,914	0,805	0,715	0,704	0,649	0,651	0,644	0,826	0,838	0,869
11:30:19	37,0	0,859	0,923	0,846	0,858	0,721	0,698	0,680	0,641	0,646	0,780	0,764	0,828	0,835	0,883	0,794	0,804	0,657	0,661	0,638	0,659	0,672	0,746	0,752	0,808	0,796	0,916	0,794	0,815	0,681	0,672	0,656	0,612	0,657	0,758	0,748	0,772	0,779	0,909	0,786	0,803	0,684	0,662	0,671	0,686	0,697	0,758	0,798	0,930	0,771	0,908	0,836	0,806	0,664	0,651	0,651	0,650	0,629	0,761	0,817	0,832	0,772	0,941	0,879	0,810	0,669	0,755	0,663	0,666	0,747	0,799	0,820	0,813	0,880	0,938	0,875	0,890	0,680	0,656	0,677	0,650	0,664	0,786	0,753	0,783	0,816	0,966	0,921	0,816	0,718	0,710	0,646	0,655	0,649	0,832	0,843	0,876
11:40:19	37,0	0,868	0,930	0,851	0,865	0,726	0,705	0,683	0,646	0,649	0,784	0,767	0,835	0,844	0,895	0,803	0,814	0,658	0,669	0,642	0,663	0,676	0,753	0,759	0,815	0,807	0,924	0,803	0,824	0,682	0,678	0,659	0,614	0,659	0,763	0,755	0,776	0,788	0,918	0,797	0,812	0,691	0,665	0,676	0,688	0,700	0,765	0,804	0,942	0,778	0,919	0,847	0,816	0,667	0,654	0,655	0,653	0,634	0,767	0,826	0,839	0,779	0,948	0,886	0,815	0,673	0,757	0,669	0,671	0,753	0,807	0,827	0,820	0,890	0,942	0,880	0,900	0,684	0,658	0,679	0,653	0,667	0,795	0,760	0,791	0,824	0,975	0,932	0,826	0,722	0,716	0,653	0,657	0,654	0,840	0,850	0,885
11:50:19	37,0	0,876	0,938	0,861	0,877	0,732	0,712	0,690	0,648	0,651	0,791	0,772	0,845	0,854	0,903	0,811	0,820	0,660	0,673	0,651	0,666	0,679	0,760	0,764	0,822	0,818	0,930	0,809	0,833	0,685	0,681	0,665	0,616	0,665	0,772	0,761	0,780	0,797	0,924	0,805	0,822	0,691	0,669	0,682	0,693	0,704	0,774	0,811	0,953	0,788	0,924	0,856	0,825	0,672	0,654	0,658	0,657	0,635	0,775	0,837	0,845	0,787	0,954	0,897	0,824	0,676	0,761	0,670	0,674	0,761	0,814	0,834	0,827	0,897	0,952	0,887	0,908	0,688	0,661	0,684	0,657	0,671	0,802	0,766	0,797	0,831	0,984	0,940	0,837	0,724	0,718	0,660	0,659	0,663	0,847	0,858	0,894
12:00:19	37,0	0,884	0,947	0,869	0,887	0,736	0,717	0,696	0,654	0,654	0,798	0,779	0,851	0,862	0,911	0,819	0,830	0,665	0,676	0,654	0,671	0,682	0,767	0,770	0,831	0,828	0,936	0,818	0,841	0,689	0,687	0,669	0,618	0,670	0,781	0,765	0,788	0,804	0,931	0,813	0,828	0,693	0,673	0,687	0,695	0,710	0,783	0,818	0,966	0,797	0,930	0,864	0,832	0,673	0,657	0,663	0,660	0,641	0,783	0,843	0,851	0,796	0,960	0,906	0,831	0,680	0,762	0,672	0,677	0,766	0,822	0,841	0,835	0,903	0,959	0,897	0,915	0,691	0,665	0,688	0,661	0,676	0,811	0,771	0,805	0,839	0,993	0,949	0,846	0,729	0,723	0,658	0,661	0,663	0,857	0,865	0,901
12:10:19	37,0	0,893	0,953	0,878	0,896	0,741	0,724	0,701	0,660	0,655	0,804	0,786	0,861	0,871	0,921	0,826	0,838	0,666	0,681	0,657	0,673	0,686	0,774	0,776	0,837	0,837	0,943	0,825	0,849	0,694	0,692	0,673	0,620	0,674	0,787	0,772	0,794	0,812	0,939	0,821	0,836	0,697	0,677	0,691	0,699	0,714	0,788	0,824	0,978	0,803	0,937	0,873	0,839	0,677	0,661	0,667	0,663	0,646	0,789	0,854	0,858	0,803	0,969	0,916	0,838	0,682	0,765	0,677	0,680	0,773	0,830	0,848	0,843	0,908	0,964	0,903	0,922	0,693	0,668	0,692	0,665	0,678	0,818	0,777	0,811	0,846	1,000	0,956	0,857	0,732	0,727	0,664	0,665	0,666	0,867	0,873	0,909
12:20:19	37,0	0,900	0,961	0,885	0,904	0,745	0,730	0,706	0,665	0,656	0,813	0,791	0,870	0,878	0,926	0,835	0,845	0,669	0,684	0,660	0,677	0,689	0,780	0,782	0,844	0,846	0,946	0,830	0,857	0,695	0,694	0,676	0,624	0,676	0,796	0,777	0,801	0,820	0,943	0,829	0,845	0,700	0,681	0,692	0,704	0,717	0,795	0,832	0,988	0,811	0,943	0,880	0,847	0,678	0,662	0,672	0,666	0,649	0,797	0,859	0,864	0,809	0,971	0,921	0,847	0,683	0,767	0,681	0,681	0,780	0,836	0,854	0,852	0,915	0,972	0,909	0,930	0,694	0,670	0,696	0,669	0,681	0,828	0,782	0,821	0,853	1,008	0,965	0,866	0,736	0,732	0,670	0,670	0,668	0,876	0,880	0,918
12:30:19	36,9	0,907	0,968	0,892	0,913	0,747	0,734	0,709	0,668	0,660	0,821	0,798	0,877	0,886	0,932	0,842	0,852	0,672	0,686	0,663	0,680	0,691	0,788	0,788	0,854	0,854	0,950	0,837	0,865	0,698	0,694	0,680	0,629	0,677	0,803	0,783	0,807	0,827	0,949	0,838	0,852	0,703	0,682	0,694	0,709	0,716	0,803	0,839	1,001	0,819	0,948	0,889	0,855	0,679	0,665	0,675	0,669	0,652	0,805	0,867	0,871	0,816	0,977	0,930	0,854	0,685	0,769	0,685	0,684	0,788	0,843	0,860	0,860	0,920	0,977	0,918	0,936	0,699	0,674	0,704	0,673	0,685	0,837	0,788	0,827	0,860	1,014	0,972	0,875	0,739	0,736	0,675	0,675	0,671	0,885	0,888	0,925
12:40:19	37,0	0,914	0,975	0,899	0,920	0,750	0,739	0,715	0,668	0,661	0,827	0,803	0,886	0,892	0,938	0,849	0,858	0,673	0,689	0,667	0,684	0,696	0,796	0,794	0,861	0,861	0,956	0,846	0,873	0,699	0,698	0,684	0,631	0,683	0,809	0,788	0,814	0,834	0,957	0,845	0,858	0,704	0,683	0,697	0,712	0,720	0,809	0,845	1,009	0,824	0,952	0,891	0,860	0,680	0,667	0,679	0,674	0,656	0,811	0,873	0,878	0,822	0,982	0,935	0,862	0,686	0,769	0,689	0,687	0,794	0,849	0,866	0,867	0,925	0,982	0,924	0,943	0,701	0,676	0,706	0,678	0,688	0,843	0,793	0,835	0,867	1,020	0,979	0,883	0,743	0,739	0,675	0,682	0,670	0,893	0,894	0,933
12:50:19	36,9	0,919	0,980	0,906	0,927	0,753	0,741	0,720	0,671	0,664	0,833	0,808	0,893	0,898	0,941	0,856	0,866	0,674	0,689	0,670	0,686	0,699	0,802	0,798	0,868	0,868	0,959	0,852	0,880	0,702	0,697	0,689	0,635	0,686	0,815	0,793	0,821	0,840	0,960	0,853	0,864	0,703	0,683	0,700	0,714	0,728	0,815	0,852	1,018	0,831	0,959	0,901	0,869	0,679	0,666	0,684	0,679	0,658	0,818	0,879	0,884	0,828	0,988	0,941	0,868	0,686	0,770	0,693	0,693	0,800	0,856	0,873	0,874	0,930	0,985	0,930	0,949	0,702	0,677	0,709	0,680	0,690	0,851	0,798	0,841	0,873	1,026	0,985	0,890	0,745	0,742	0,680	0,685	0,672	0,899	0,902	0,940
13:00:19	37,0	0,925	0,986	0,912	0,934	0,755	0,743	0,719	0,673	0,665	0,839	0,814	0,902	0,905	0,948	0,862	0,873	0,675	0,690	0,673	0,689	0,702	0,808	0,802	0,876	0,874	0,964	0,859	0,886	0,701	0,698	0,693	0,639	0,691	0,823	0,799	0,829	0,847	0,968	0,860	0,870	0,701	0,685	0,703	0,718	0,736	0,821	0,858	1,026	0,837	0,964	0,904	0,875	0,680	0,667	0,687	0,683	0,663	0,824	0,886	0,890	0,835	0,992	0,948	0,876	0,688	0,771	0,695	0,697	0,804	0,863	0,878	0,881	0,935	0,990	0,932	0,955	0,706	0,680	0,711	0,683	0,693	0,859	0,803	0,847	0,879	1,030	0,990	0,896	0,748	0,745	0,688	0,691	0,677	0,908	0,909	0,948
13:10:19	37,0	0,931	0,993	0,917	0,941	0,757	0,744	0,725	0,675	0,665	0,844	0,822	0,908	0,910	0,952	0,868	0,878	0,677	0,692	0,678	0,693	0,708	0,814	0,806	0,882	0,880	0,967	0,865	0,893	0,702	0,700	0,696	0,642	0,697	0,829	0,803	0,835	0,852	0,973	0,864	0,876	0,700	0,687	0,706	0,721	0,741	0,827	0,863	1,035	0,843	0,967	0,911	0,882	0,681	0,667	0,690	0,686	0,667	0,831	0,893	0,896	0,841	0,996	0,955	0,882	0,688	0,772	0,699	0,700	0,812	0,869	0,886	0,888	0,939	0,994	0,939	0,960	0,708	0,681	0,715	0,686	0,696	0,866	0,810	0,855	0,886	1,036	0,997	0,903	0,750	0,748	0,693	0,694	0,678	0,915	0,916	0,955
13:20:19	37,0	0,938	0,998	0,922	0,946	0,759	0,746	0,727	0,677	0,667	0,850	0,824	0,915	0,915	0,952	0,873	0,884	0,678	0,691	0,682	0,694	0,714	0,821	0,812	0,889	0,885	0,970	0,869	0,898	0,703	0,702	0,698	0,644	0,701	0,833	0,808	0,840	0,859	0,975	0,870	0,880	0,702	0,687	0,712	0,721	0,741	0,833	0,870	1,042	0,851	0,971	0,916	0,888	0,680	0,667	0,691	0,688	0,669	0,835	0,898	0,902	0,848	0,997	0,960	0,888	0,688	0,773	0,704	0,704	0,817	0,875	0,890	0,895	0,944	0,998	0,943	0,965	0,709	0,682	0,720	0,689	0,699	0,872	0,814	0,860	0,893	1,040	1,001	0,909	0,752	0,750	0,695	0,697	0,682	0,922	0,922	0,962
13:30:19	37,0	0,943	1,003	0,927	0,952	0,759	0,747	0,726	0,679	0,672	0,859	0,832	0,922	0,920	0,956	0,878	0,889	0,676	0,692	0,684	0,696	0,718	0,826	0,816	0,896	0,892	0,974	0,873	0,903	0,702	0,705	0,702	0,646	0,706	0,841	0,813	0,847	0,864	0,979	0,875	0,885	0,705	0,688	0,716	0,723	0,744	0,840	0,876	1,050	0,856	0,976	0,921	0,893	0,677	0,667	0,694	0,689	0,674	0,843	0,905	0,908	0,852	1,000	0,964	0,895	0,690	0,776	0,707	0,707	0,821	0,881	0,896	0,902	0,948	1,001	0,946	0,968	0,710	0,684	0,724	0,694	0,702	0,881	0,821	0,867	0,900	1,045	1,005	0,914	0,753	0,751	0,695	0,699	0,684	0,929	0,928	0,969
13:40:19	37,0	0,950	1,009	0,933	0,958	0,762	0,749	0,729	0,683	0,677	0,866	0,837	0,928	0,925	0,960	0,883	0,894	0,673	0,694	0,687	0,699	0,723	0,831	0,820	0,901	0,899	0,972	0,879	0,908	0,699	0,704	0,706	0,649	0,709	0,847	0,818	0,852	0,873	0,980	0,879	0,891	0,700	0,688	0,720	0,726	0,744	0,846	0,883	1,060	0,863	0,979	0,925	0,899	0,677	0,666	0,697	0,691	0,676	0,851	0,912	0,915	0,859	1,003	0,970	0,900	0,689	0,782	0,709	0,708	0,826	0,886	0,903	0,910	0,952	1,004	0,956	0,972	0,708	0,688	0,726	0,697	0,707	0,887	0,827	0,873	0,907	1,050	1,010	0,921	0,756	0,754	0,703	0,705	0,685	0,939	0,936	0,978
13:50:19	37,0	0,955	1,014	0,938	0,960	0,762	0,749	0,730	0,683	0,684	0,871	0,842	0,935	0,931	0,961	0,889	0,898	0,672	0,695	0,690	0,702	0,724	0,837	0,824	0,907	0,904	0,975	0,884	0,913	0,699	0,705	0,708	0,651	0,713	0,852	0,822	0,857	0,877	0,980	0,883	0,894	0,699	0,691	0,723	0,731	0,747	0,853	0,889	1,066	0,870	0,985	0,933	0,904	0,676	0,667	0,698	0,693	0,679	0,854	0,917	0,922	0,863	1,003	0,976	0,905	0,689	0,784	0,712	0,710	0,829	0,892	0,908	0,916	0,956	1,008	0,957	0,976	0,708	0,690	0,729	0,700	0,712	0,894	0,830	0,879	0,912	1,055	1,014	0,925	0,757	0,756	0,709	0,708	0,690	0,946	0,941	0,984
14:00:19	37,0	0,960	1,018	0,940	0,965	0,762	0,748	0,738	0,686	0,686	0,876	0,846	0,941	0,935	0,965	0,893	0,901	0,672	0,694	0,693	0,705	0,726	0,843	0,829	0,909	0,909	0,977	0,888	0,917	0,700	0,707	0,712	0,655	0,714	0,857	0,825	0,858	0,883	0,984	0,889	0,898	0,699	0,690	0,725	0,734	0,751	0,858	0,893	1,071	0,872	0,986	0,937	0,907	0,676	0,665	0,703	0,697	0,681	0,860	0,922	0,924	0,869	1,006	0,983	0,911	0,686	0,782	0,715	0,711	0,834	0,897	0,912	0,922	0,959	1,014	0,961	0,980	0,708	0,689	0,734	0,704	0,716	0,900	0,835	0,883	0,917	1,058	1,019	0,930	0,757	0,757	0,715	0,709	0,698	0,952	0,946	0,988
14:10:19	37,0	0,965	1,022	0,946	0,970	0,763	0,749	0,737	0,689	0,696	0,882	0,852	0,948	0,940	0,967	0,896	0,906	0,670	0,694	0,694	0,710	0,732	0,848	0,833	0,915	0,914	0,977	0,892	0,922	0,698	0,705	0,713	0,656	0,717	0,862	0,829	0,863	0,890	0,987	0,892	0,901	0,698	0,687	0,727	0,735	0,755	0,863	0,898	1,075	0,878	0,990	0,940	0,909	0,673	0,666	0,708	0,701	0,685	0,867	0,929	0,931	0,874	1,006	0,985	0,914	0,686	0,785	0,719	0,716	0,840	0,903	0,918	0,928	0,963	1,015	0,965	0,983	0,708	0,688	0,737	0,709	0,715	0,907	0,840	0,889	0,923	1,065	1,023	0,934	0,758	0,759	0,717	0,715	0,698	0,959	0,952	0,994
14:20:19	37,0	0,969	1,027	0,950	0,977	0,763	0,749	0,741	0,690	0,700	0,887	0,858	0,955	0,945	0,969	0,900	0,910	0,663	0,693	0,700	0,712	0,737	0,853	0,837	0,921	0,918	0,980	0,895	0,924	0,694	0,703	0,717	0,659	0,718	0,868	0,835	0,869	0,895	0,987	0,897	0,905	0,697	0,686	0,730	0,736	0,757	0,870	0,904	1,083	0,883	0,992	0,943	0,913	0,669	0,666	0,709	0,701	0,687	0,873	0,935	0,937	0,879	1,009	0,988	0,919	0,685	0,788	0,722	0,718	0,846	0,909	0,924	0,935	0,967	1,017	0,968	0,984	0,704	0,685	0,740	0,708	0,716	0,913	0,845	0,895	0,929	1,067	1,026	0,939	0,761	0,760	0,717	0,721	0,704	0,967	0,959	1,002
14:30:19	37,0	0,972	1,030	0,954	0,979	0,762	0,748	0,745	0,691	0,703	0,892	0,862	0,959	0,949	0,976	0,904	0,913	0,665	0,694	0,702	0,716	0,738	0,857	0,841	0,925	0,922	0,982	0,899	0,925	0,692	0,702	0,722	0,662	0,718	0,873	0,839	0,872	0,897	0,991	0,900	0,907	0,696	0,685	0,734	0,738	0,758	0,875	0,908	1,086	0,887	0,994	0,949	0,916	0,669	0,664	0,712	0,703	0,690	0,877	0,939	0,941	0,883	1,011	0,995	0,921	0,683	0,786	0,725	0,722	0,853	0,913	0,928	0,941	0,969	1,020	0,971	0,988	0,704	0,686	0,743	0,707	0,718	0,918	0,849	0,898	0,933	1,070	1,028	0,942	0,760	0,761	0,718	0,724	0,708	0,972	0,962	1,006
14:40:19	37,0	0,976	1,032	0,957	0,981	0,760	0,747	0,746	0,698	0,709	0,896	0,866	0,965	0,952	0,977	0,908	0,914	0,669	0,694	0,703	0,721	0,738	0,863	0,848	0,929	0,927	0,984	0,903	0,929	0,689	0,705	0,725	0,665	0,725	0,878	0,842	0,875	0,902	0,992	0,903	0,910	0,694	0,684	0,736	0,743	0,761	0,879	0,912	1,090	0,891	0,996	0,952	0,918	0,666	0,660	0,717	0,707	0,693	0,883	0,945	0,944	0,888	1,013	0,996	0,924	0,681	0,783	0,727	0,726	0,860	0,919	0,933	0,945	0,973	1,023	0,972	0,990	0,704	0,685	0,747	0,711	0,720	0,925	0,854	0,903	0,939	1,075	1,032	0,946	0,759	0,763	0,726	0,726	0,712	0,977	0,967	1,012
14:50:19	37,0	0,979	1,036	0,961	0,984	0,761	0,747	0,749	0,701	0,716	0,901	0,871	0,971	0,956	0,976	0,911	0,917	0,670	0,691	0,707	0,722	0,744	0,867	0,850	0,930	0,931	0,986	0,906	0,932	0,690	0,704	0,728	0,667	0,724	0,882	0,845	0,878	0,907	0,993	0,907	0,912	0,691	0,681	0,739	0,746	0,764	0,884	0,917	1,094	0,894	0,997	0,953	0,920	0,665	0,658	0,719	0,710	0,695	0,888	0,949	0,948	0,891	1,015	0,999	0,925	0,683	0,781	0,731	0,726	0,862	0,924	0,937	0,951	0,975	1,026	0,972	0,992	0,699	0,682	0,750	0,715	0,723	0,929	0,858	0,909	0,943	1,077	1,037	0,949	0,760	0,763	0,724	0,730	0,714	0,982	0,971	1,017
15:00:19	37,0	0,984	1,039	0,964	0,988	0,761	0,747	0,756	0,705	0,723	0,907	0,875	0,977	0,959	0,977	0,915	0,921	0,668	0,688	0,715	0,723	0,742	0,873	0,855	0,937	0,934	0,988	0,911	0,936	0,689	0,703	0,731	0,669	0,725	0,887	0,849	0,882	0,911	0,994	0,912	0,915	0,690	0,683	0,741	0,748	0,770	0,890	0,921	1,097	0,899	0,999	0,955	0,924	0,667	0,657	0,723	0,712	0,697	0,893	0,953	0,953	0,895	1,017	1,001	0,929	0,687	0,779	0,733	0,727	0,865	0,928	0,941	0,957	0,979	1,028	0,974	0,994	0,696	0,680	0,752	0,717	0,724	0,935	0,862	0,913	0,947	1,080	1,040	0,952	0,759	0,764	0,729	0,730	0,713	0,988	0,976	1,022
15:10:19	37,0	0,986	1,043	0,967	0,991	0,761	0,745	0,758	0,708	0,729	0,911	0,879	0,981	0,962	0,980	0,918	0,923	0,663	0,687	0,715	0,725	0,749	0,879	0,858	0,940	0,939	0,988	0,914	0,938	0,689	0,703	0,734	0,670	0,728	0,892	0,853	0,886	0,915	0,995	0,914	0,918	0,688	0,682	0,744	0,749	0,773	0,894	0,925	1,102	0,904	1,001	0,958	0,926	0,668	0,654	0,725	0,713	0,700	0,898	0,958	0,958	0,899	1,017	1,004	0,931	0,686	0,778	0,738	0,729	0,870	0,933	0,946	0,963	0,981	1,029	0,977	0,995	0,695	0,680	0,754	0,718	0,724	0,940	0,866	0,918	0,952	1,082	1,042	0,955	0,758	0,764	0,734	0,729	0,716	0,994	0,982	1,028
15:20:19	37,0	0,989	1,046	0,970	0,995	0,760	0,745	0,761	0,709	0,735	0,918	0,884	0,986	0,966	0,982	0,921	0,926	0,663	0,689	0,719	0,725	0,752	0,883	0,860	0,945	0,941	0,990	0,917	0,940	0,687	0,698	0,737	0,674	0,732	0,898	0,857	0,890	0,918	0,997	0,918	0,922	0,686	0,682	0,745	0,751	0,773	0,899	0,930	1,106	0,907	1,003	0,960	0,928	0,663	0,657	0,728	0,715	0,703	0,902	0,962	0,964	0,902	1,021	1,005	0,932	0,686	0,778	0,739	0,731	0,876	0,938	0,951	0,969	0,983	1,031	0,980	0,998	0,693	0,681	0,759	0,719	0,726	0,946	0,871	0,924	0,957	1,085	1,045	0,958	0,760	0,765	0,740	0,730	0,717	0,999	0,987	1,032
15:30:19	37,0	0,991	1,048	0,973	0,996	0,757	0,743	0,764	0,709	0,738	0,920	0,889	0,989	0,968	0,983	0,923	0,927	0,668	0,688	0,721	0,725	0,754	0,888	0,865	0,946	0,944	0,992	0,920	0,941	0,692	0,700	0,738	0,675	0,735	0,903	0,861	0,892	0,922	1,000	0,921	0,923	0,682	0,683	0,749	0,752	0,777	0,904	0,934	1,109	0,910	1,003	0,963	0,929	0,661	0,656	0,731	0,715	0,704	0,907	0,967	0,968	0,906	1,022	1,008	0,937	0,686	0,776	0,741	0,731	0,879	0,942	0,954	0,974	0,985	1,032	0,981	1,000	0,694	0,679	0,761	0,723	0,728	0,951	0,875	0,927	0,960	1,086	1,048	0,961	0,759	0,766	0,741	0,734	0,720	1,003	0,991	1,037
15:40:19	37,0	0,993	1,050	0,976	0,998	0,760	0,742	0,763	0,708	0,737	0,925	0,892	0,992	0,972	0,987	0,926	0,931	0,668	0,688	0,724	0,727	0,759	0,893	0,869	0,951	0,948	0,992	0,922	0,944	0,689	0,698	0,739	0,677	0,738	0,906	0,864	0,896	0,927	1,001	0,925	0,924	0,680	0,681	0,751	0,752	0,780	0,908	0,939	1,112	0,914	1,005	0,964	0,932	0,658	0,651	0,734	0,717	0,707	0,912	0,970	0,972	0,909	1,021	1,010	0,939	0,682	0,773	0,744	0,732	0,886	0,947	0,958	0,980	0,987	1,033	0,981	1,002	0,694	0,676	0,765	0,724	0,729	0,956	0,877	0,933	0,963	1,088	1,049	0,962	0,759	0,765	0,741	0,733	0,720	1,008	0,995	1,041
15:50:19	37,0	0,995	1,053	0,978	1,001	0,759	0,742	0,763	0,716	0,745	0,930	0,897	0,997	0,975	0,989	0,930	0,933	0,668	0,686	0,726	0,728	0,759	0,897	0,870	0,956	0,950	0,991	0,925	0,945	0,688	0,697	0,743	0,679	0,742	0,911	0,867	0,896	0,929	1,003	0,928	0,927	0,678	0,676	0,752	0,753	0,783	0,912	0,942	1,116	0,916	1,008	0,964	0,935	0,659	0,646	0,737	0,718	0,709	0,916	0,974	0,977	0,911	1,022	1,011	0,941	0,676	0,771	0,748	0,732	0,890	0,952	0,963	0,986	0,989	1,035	0,983	1,005	0,691	0,674	0,765	0,725	0,730	0,959	0,882	0,937	0,968	1,090	1,052	0,965	0,759	0,766	0,746	0,735	0,723	1,012	1,000	1,046
16:00:19	37,0	0,997	1,055	0,981	1,003	0,757	0,741	0,767	0,715	0,749	0,936	0,901	1,001	0,978	0,991	0,931	0,935	0,662	0,686	0,726	0,729	0,758	0,901	0,874	0,959	0,954	0,992	0,927	0,948	0,689	0,698	0,746	0,682	0,743	0,916	0,872	0,903	0,932	1,003	0,930	0,929	0,679	0,677	0,756	0,754	0,785	0,918	0,946	1,119	0,921	1,009	0,965	0,938	0,660	0,647	0,738	0,720	0,709	0,920	0,977	0,981	0,914	1,023	1,013	0,944	0,671	0,767	0,749	0,735	0,893	0,956	0,966	0,991	0,991	1,035	0,986	1,007	0,692	0,673	0,769	0,728	0,733	0,965	0,885	0,942	0,971	1,091	1,054	0,967	0,757	0,766	0,749	0,739	0,719	1,016	1,004	1,050
16:10:19	37,0	1,000	1,060	0,984	1,008	0,758	0,740	0,774	0,716	0,751	0,942	0,907	1,006	0,982	0,993	0,934	0,935	0,655	0,682	0,728	0,730	0,761	0,905	0,878	0,963	0,957	0,995	0,930	0,949	0,683	0,696	0,749	0,681	0,748	0,920	0,876	0,906	0,936	1,003	0,931	0,931	0,678	0,677	0,758	0,755	0,785	0,921	0,951	1,124	0,924	1,009	0,967	0,941	0,652	0,649	0,739	0,720	0,710	0,925	0,981	0,990	0,917	1,026	1,016	0,947	0,672	0,770	0,751	0,734	0,897	0,960	0,970	0,999	0,994	1,036	0,986	1,011	0,692	0,671	0,768	0,728	0,733	0,969	0,890	0,949	0,975	1,094	1,056	0,971	0,758	0,766	0,750	0,737	0,717	1,023	1,011	1,054
16:20:19	37,0	1,002	1,062	0,987	1,009	0,756	0,739	0,774	0,714	0,755	0,948	0,913	1,008	0,985	0,995	0,935	0,935	0,653	0,679	0,730	0,733	0,762	0,907	0,880	0,968	0,959	0,995	0,933	0,952	0,679	0,693	0,750	0,682	0,750	0,923	0,879	0,910	0,939	1,003	0,933	0,933	0,675	0,674	0,758	0,754	0,787	0,925	0,955	1,127	0,925	1,010	0,969	0,942	0,646	0,647	0,741	0,723	0,711	0,928	0,984	0,994	0,919	1,028	1,018	0,949	0,668	0,767	0,752	0,736	0,900	0,964	0,973	1,005	0,995	1,038	0,987	1,013	0,689	0,669	0,770	0,729	0,734	0,972	0,893	0,953	0,978	1,094	1,058	0,973	0,757	0,766	0,754	0,739	0,723	1,027	1,015	1,058
16:30:19	37,0	1,005	1,064	0,989	1,012	0,757	0,738	0,777	0,718	0,758	0,953	0,915	1,009	0,987	0,998	0,936	0,938	0,652	0,678	0,731	0,734	0,762	0,911	0,880	0,970	0,962	0,997	0,935	0,955	0,677	0,691	0,751	0,682	0,753	0,927	0,883	0,913	0,941	1,003	0,935	0,935	0,671	0,671	0,760	0,757	0,790	0,929	0,958	1,130	0,928	1,011	0,971	0,943	0,644	0,641	0,744	0,723	0,712	0,931	0,987	0,998	0,922	1,029	1,019	0,953	0,668	0,764	0,753	0,737	0,903	0,967	0,976	1,010	0,997	1,040	0,987	1,015	0,685	0,669	0,775	0,731	0,737	0,976	0,896	0,957	0,981	1,095	1,059	0,975	0,758	0,766	0,759	0,747	0,727	1,031	1,018	1,063
16:40:19	37,0	1,008	1,065	0,991	1,013	0,756	0,737	0,779	0,721	0,764	0,956	0,918	1,011	0,990	1,000	0,937	0,941	0,646	0,675	0,735	0,736	0,765	0,914	0,885	0,971	0,965	1,000	0,937	0,957	0,674	0,686	0,754	0,683	0,756	0,930	0,885	0,915	0,945	1,004	0,938	0,937	0,666	0,668	0,763	0,759	0,793	0,932	0,959	1,132	0,931	1,010	0,974	0,945	0,639	0,636	0,748	0,723	0,714	0,934	0,990	1,001	0,925	1,031	1,022	0,956	0,668	0,760	0,757	0,742	0,907	0,970	0,978	1,014	1,000	1,041	0,990	1,016	0,685	0,668	0,777	0,733	0,738	0,979	0,899	0,960	0,985	1,097	1,061	0,978	0,757	0,766	0,762	0,750	0,729	1,033	1,019	1,064
16:50:19	37,0	1,009	1,068	0,993	1,018	0,757	0,738	0,783	0,723	0,767	0,961	0,923	1,014	0,993	1,000	0,939	0,942	0,641	0,671	0,737	0,735	0,767	0,918	0,887	0,975	0,967	1,000	0,938	0,958	0,670	0,684	0,755	0,683	0,756	0,933	0,889	0,917	0,948	1,006	0,939	0,935	0,661	0,667	0,764	0,757	0,794	0,934	0,962	1,135	0,934	1,010	0,975	0,946	0,636	0,633	0,748	0,724	0,713	0,939	0,993	1,006	0,927	1,031	1,023	0,956	0,663	0,764	0,757	0,740	0,912	0,974	0,981	1,020	1,001	1,042	0,991	1,018	0,680	0,665	0,777	0,732	0,737	0,983	0,901	0,965	0,986	1,099	1,063	0,979	0,756	0,766	0,764	0,753	0,731	1,038	1,024	1,068
17:00:19	37,0	1,012	1,069	0,994	1,020	0,756	0,738	0,782	0,726	0,767	0,967	0,927	1,016	0,996	1,002	0,940	0,943	0,637	0,669	0,738	0,737	0,767	0,922	0,890	0,979	0,968	1,000	0,940	0,960	0,666	0,683	0,757	0,684	0,758	0,937	0,890	0,920	0,949	1,006	0,940	0,936	0,660	0,666	0,766	0,759	0,797	0,938	0,965	1,137	0,936	1,012	0,978	0,949	0,636	0,632	0,748	0,726	0,713	0,941	0,995	1,010	0,928	1,031	1,025	0,959	0,657	0,765	0,759	0,744	0,915	0,976	0,983	1,024	1,003	1,044	0,992	1,020	0,675	0,661	0,780	0,734	0,738	0,987	0,904	0,968	0,988	1,099	1,064	0,982	0,754	0,766	0,767	0,758	0,736	1,040	1,026	1,070
17:10:19	37,0	1,013	1,072	0,996	1,024	0,756	0,737	0,787	0,729	0,771	0,972	0,932	1,018	0,998	1,006	0,942	0,945	0,635	0,667	0,742	0,737	0,770	0,926	0,892	0,982	0,971	1,000	0,943	0,962	0,662	0,682	0,758	0,686	0,759	0,940	0,894	0,923	0,952	1,008	0,942	0,939	0,659	0,666	0,766	0,761	0,796	0,942	0,968	1,140	0,937	1,012	0,979	0,950	0,634	0,629	0,750	0,728	0,714	0,944	0,998	1,014	0,932	1,032	1,026	0,960	0,652	0,763	0,760	0,742	0,920	0,980	0,986	1,029	1,005	1,045	0,995	1,022	0,673	0,658	0,783	0,736	0,740	0,990	0,906	0,971	0,991	1,101	1,067	0,985	0,754	0,765	0,772	0,761	0,742	1,044	1,028	1,073
17:20:19	37,0	1,015	1,073	0,997	1,025	0,756	0,737	0,790	0,732	0,776	0,975	0,935	1,020	1,000	1,006	0,944	0,945	0,633	0,664	0,742	0,738	0,773	0,929	0,896	0,983	0,973	1,001	0,943	0,963	0,656	0,680	0,760	0,687	0,760	0,943	0,896	0,925	0,955	1,009	0,942	0,940	0,655	0,665	0,769	0,762	0,798	0,944	0,969	1,141	0,941	1,014	0,979	0,953	0,630	0,625	0,751	0,729	0,714	0,947	0,999	1,017	0,934	1,035	1,027	0,963	0,647	0,760	0,762	0,744	0,923	0,982	0,988	1,033	1,008	1,046	0,996	1,024	0,668	0,657	0,785	0,735	0,739	0,992	0,909	0,974	0,992	1,102	1,067	0,988	0,753	0,765	0,775	0,764	0,743	1,047	1,030	1,075
17:30:19	37,0	1,015	1,076	0,998	1,028	0,755	0,737	0,793	0,735	0,779	0,980	0,939	1,022	1,002	1,009	0,944	0,948	0,627	0,662	0,744	0,739	0,774	0,932	0,897	0,987	0,975	1,002	0,944	0,965	0,653	0,678	0,761	0,689	0,762	0,946	0,899	0,927	0,956	1,009	0,945	0,945	0,652	0,662	0,770	0,762	0,799	0,946	0,971	1,143	0,944	1,016	0,981	0,956	0,627	0,618	0,753	0,729	0,715	0,951	1,001	1,021	0,937	1,037	1,029	0,966	0,642	0,761	0,763	0,744	0,928	0,985	0,991	1,036	1,009	1,047	0,997	1,026	0,669	0,655	0,784	0,736	0,740	0,996	0,910	0,977	0,994	1,103	1,069	0,991	0,753	0,764	0,778	0,764	0,747	1,050	1,032	1,077
17:40:19	37,0	1,018	1,076	0,999	1,030	0,755	0,736	0,797	0,738	0,780	0,982	0,942	1,023	1,004	1,010	0,947	0,949	0,626	0,659	0,747	0,740	0,776	0,935	0,899	0,987	0,976	1,002	0,945	0,966	0,652	0,675	0,762	0,691	0,766	0,948	0,901	0,929	0,958	1,011	0,945	0,945	0,651	0,658	0,773	0,763	0,801	0,948	0,973	1,144	0,946	1,018	0,981	0,957	0,626	0,617	0,757	0,730	0,716	0,953	1,002	1,022	0,940	1,038	1,030	0,967	0,641	0,760	0,765	0,745	0,930	0,987	0,992	1,040	1,011	1,047	0,999	1,027	0,667	0,652	0,786	0,737	0,742	0,998	0,913	0,979	0,995	1,103	1,070	0,992	0,750	0,763	0,781	0,765	0,749	1,051	1,033	1,079
17:50:19	37,0	1,020	1,077	0,999	1,032	0,753	0,733	0,800	0,738	0,785	0,985	0,944	1,025	1,005	1,011	0,947	0,950	0,622	0,660	0,750	0,740	0,779	0,938	0,901	0,990	0,978	1,004	0,946	0,968	0,646	0,673	0,764	0,691	0,767	0,951	0,903	0,930	0,961	1,013	0,948	0,945	0,649	0,656	0,773	0,763	0,801	0,951	0,974	1,145	0,947	1,019	0,983	0,961	0,624	0,616	0,757	0,731	0,719	0,955	1,003	1,025	0,940	1,039	1,031	0,969	0,640	0,758	0,766	0,746	0,932	0,989	0,993	1,043	1,012	1,049	1,000	1,028	0,660	0,650	0,786	0,737	0,742	1,001	0,915	0,980	0,997	1,104	1,071	0,994	0,749	0,763	0,784	0,766	0,751	1,052	1,034	1,080
18:00:19	37,0	1,021	1,077	0,999	1,034	0,752	0,734	0,799	0,739	0,787	0,989	0,947	1,026	1,007	1,011	0,947	0,954	0,620	0,659	0,750	0,741	0,779	0,941	0,904	0,991	0,979	1,007	0,948	0,970	0,640	0,670	0,765	0,691	0,768	0,952	0,906	0,932	0,962	1,014	0,949	0,949	0,645	0,655	0,774	0,762	0,803	0,953	0,975	1,146	0,949	1,019	0,984	0,963	0,619	0,616	0,757	0,731	0,721	0,957	1,005	1,027	0,942	1,039	1,033	0,972	0,639	0,757	0,766	0,747	0,935	0,991	0,994	1,045	1,012	1,049	1,001	1,031	0,660	0,644	0,788	0,739	0,741	1,003	0,915	0,982	0,997	1,105	1,073	0,996	0,748	0,762	0,784	0,769	0,755	1,054	1,035	1,081
18:10:19	37,0	1,023	1,079	1,001	1,038	0,751	0,732	0,802	0,740	0,789	0,993	0,951	1,029	1,008	1,012	0,947	0,954	0,618	0,658	0,754	0,742	0,779	0,942	0,906	0,993	0,980	1,007	0,948	0,971	0,635	0,669	0,766	0,691	0,767	0,955	0,907	0,933	0,963	1,014	0,950	0,949	0,641	0,653	0,775	0,763	0,803	0,954	0,977	1,148	0,950	1,019	0,985	0,964	0,615	0,613	0,758	0,732	0,722	0,958	1,006	1,030	0,944	1,039	1,033	0,974	0,638	0,757	0,768	0,745	0,939	0,993	0,996	1,048	1,013	1,050	1,002	1,032	0,656	0,643	0,788	0,739	0,743	1,005	0,918	0,984	0,999	1,106	1,075	0,998	0,747	0,761	0,787	0,774	0,757	1,057	1,038	1,082
18:20:19	37,0	1,026	1,081	1,003	1,041	0,752	0,733	0,801	0,740	0,792	0,995	0,954	1,030	1,010	1,015	0,948	0,954	0,611	0,659	0,754	0,741	0,779	0,945	0,910	0,994	0,982	1,007	0,949	0,970	0,632	0,667	0,767	0,691	0,767	0,958	0,909	0,935	0,966	1,014	0,951	0,950	0,637	0,652	0,775	0,763	0,802	0,956	0,979	1,149	0,953	1,019	0,986	0,964	0,612	0,611	0,759	0,731	0,724	0,960	1,006	1,033	0,946	1,040	1,034	0,975	0,634	0,756	0,768	0,747	0,943	0,995	0,998	1,051	1,014	1,051	1,003	1,034	0,653	0,641	0,790	0,741	0,742	1,007	0,920	0,986	1,002	1,107	1,076	1,002	0,746	0,761	0,791	0,776	0,758	1,060	1,040	1,084
18:30:19	37,0	1,027	1,079	1,001	1,041	0,751	0,730	0,806	0,745	0,796	0,997	0,954	1,031	1,009	1,015	0,948	0,957	0,608	0,657	0,755	0,744	0,782	0,947	0,910	0,994	0,982	1,008	0,950	0,972	0,629	0,667	0,767	0,694	0,769	0,959	0,910	0,935	0,966	1,016	0,952	0,952	0,632	0,650	0,779	0,764	0,803	0,957	0,980	1,148	0,955	1,021	0,988	0,965	0,609	0,606	0,759	0,734	0,726	0,962	1,008	1,033	0,947	1,041	1,036	0,977	0,629	0,753	0,771	0,749	0,945	0,995	0,999	1,052	1,015	1,051	1,003	1,036	0,651	0,639	0,791	0,741	0,742	1,008	0,921	0,986	1,000	1,107	1,075	1,001	0,745	0,759	0,792	0,778	0,757	1,058	1,038	1,084
18:40:19	37,0	1,027	1,079	1,001	1,041	0,746	0,728	0,806	0,743	0,796	0,998	0,955	1,032	1,010	1,014	0,949	0,960	0,607	0,657	0,757	0,746	0,782	0,949	0,911	0,994	0,984	1,008	0,952	0,976	0,627	0,668	0,770	0,693	0,770	0,960	0,911	0,934	0,968	1,017	0,953	0,955	0,631	0,651	0,780	0,767	0,803	0,959	0,978	1,148	0,953	1,022	0,989	0,968	0,604	0,604	0,759	0,734	0,727	0,963	1,008	1,032	0,947	1,042	1,036	0,978	0,627	0,748	0,770	0,749	0,946	0,995	0,998	1,052	1,017	1,051	1,004	1,037	0,651	0,637	0,793	0,740	0,743	1,008	0,920	0,985	1,000	1,107	1,076	1,003	0,744	0,757	0,793	0,778	0,758	1,058	1,038	1,084
18:50:19	37,0	1,030	1,078	1,002	1,041	0,743	0,725	0,811	0,745	0,796	0,999	0,955	1,034	1,011	1,015	0,950	0,962	0,606	0,655	0,760	0,746	0,783	0,952	0,912	0,995	0,986	1,008	0,953	0,975	0,625	0,664	0,771	0,693	0,769	0,961	0,911	0,935	0,970	1,018	0,954	0,955	0,628	0,646	0,783	0,767	0,805	0,959	0,979	1,147	0,955	1,021	0,990	0,969	0,600	0,602	0,762	0,735	0,731	0,963	1,007	1,033	0,947	1,043	1,037	0,979	0,623	0,745	0,772	0,750	0,948	0,996	0,998	1,053	1,015	1,051	1,006	1,036	0,650	0,635	0,794	0,739	0,742	1,010	0,920	0,984	1,002	1,107	1,077	1,004	0,742	0,756	0,797	0,774	0,763	1,058	1,037	1,084
19:00:19	37,0	1,030	1,080	1,002	1,044	0,742	0,724	0,813	0,744	0,797	1,001	0,957	1,036	1,014	1,017	0,951	0,965	0,603	0,653	0,758	0,749	0,784	0,953	0,915	0,995	0,985	1,011	0,954	0,976	0,622	0,661	0,772	0,695	0,769	0,963	0,911	0,935	0,972	1,019	0,954	0,956	0,622	0,645	0,787	0,768	0,805	0,960	0,979	1,147	0,958	1,022	0,991	0,970	0,595	0,600	0,765	0,733	0,734	0,964	1,008	1,034	0,950	1,044	1,038	0,981	0,618	0,742	0,771	0,752	0,950	0,998	1,000	1,054	1,017	1,050	1,006	1,037	0,646	0,631	0,796	0,741	0,745	1,013	0,922	0,985	1,002	1,107	1,078	1,006	0,741	0,756	0,796	0,772	0,760	1,059	1,038	1,085
19:10:19	37,0	1,031	1,080	1,004	1,047	0,742	0,725	0,813	0,750	0,800	1,003	0,959	1,038	1,015	1,019	0,953	0,967	0,601	0,650	0,760	0,748	0,784	0,954	0,916	0,997	0,987	1,012	0,955	0,976	0,619	0,661	0,774	0,697	0,770	0,964	0,914	0,937	0,972	1,019	0,955	0,957	0,621	0,643	0,785	0,766	0,805	0,961	0,981	1,147	0,959	1,024	0,991	0,971	0,594	0,599	0,766	0,732	0,736	0,965	1,009	1,037	0,950	1,044	1,037	0,982	0,614	0,742	0,774	0,751	0,953	0,997	1,000	1,055	1,018	1,052	1,006	1,038	0,644	0,626	0,799	0,741	0,744	1,014	0,923	0,986	1,003	1,108	1,079	1,008	0,740	0,753	0,794	0,768	0,760	1,061	1,039	1,085
19:20:19	37,0	1,033	1,082	1,004	1,048	0,741	0,727	0,814	0,749	0,799	1,006	0,961	1,039	1,016	1,020	0,953	0,967	0,598	0,645	0,760	0,745	0,783	0,956	0,918	0,999	0,988	1,011	0,955	0,976	0,618	0,658	0,775	0,697	0,770	0,965	0,915	0,938	0,973	1,020	0,955	0,955	0,619	0,641	0,784	0,766	0,804	0,961	0,983	1,148	0,959	1,024	0,991	0,972	0,590	0,596	0,765	0,735	0,734	0,966	1,011	1,040	0,953	1,043	1,040	0,982	0,613	0,743	0,774	0,750	0,956	0,999	1,002	1,059	1,017	1,052	1,008	1,042	0,642	0,623	0,799	0,742	0,745	1,017	0,923	0,988	1,005	1,108	1,078	1,009	0,738	0,753	0,798	0,766	0,761	1,064	1,041	1,087
19:30:19	37,0	1,035	1,083	1,005	1,051	0,742	0,727	0,816	0,750	0,801	1,009	0,962	1,039	1,018	1,020	0,952	0,966	0,594	0,643	0,760	0,747	0,783	0,957	0,918	1,000	0,988	1,013	0,955	0,979	0,619	0,657	0,776	0,696	0,769	0,966	0,917	0,940	0,973	1,021	0,956	0,957	0,615	0,641	0,784	0,767	0,802	0,962	0,983	1,147	0,959	1,024	0,991	0,974	0,586	0,592	0,765	0,734	0,735	0,969	1,012	1,042	0,951	1,042	1,039	0,984	0,610	0,744	0,775	0,747	0,957	1,000	1,002	1,061	1,016	1,052	1,007	1,041	0,636	0,622	0,801	0,743	0,745	1,018	0,923	0,990	1,004	1,108	1,079	1,011	0,737	0,752	0,801	0,774	0,763	1,066	1,042	1,087
19:40:19	37,0	1,034	1,081	1,003	1,051	0,740	0,726	0,818	0,750	0,799	1,010	0,963	1,037	1,017	1,020	0,954	0,970	0,591	0,642	0,759	0,748	0,783	0,958	0,918	0,999	0,986	1,014	0,957	0,983	0,618	0,656	0,775	0,696	0,770	0,967	0,916	0,940	0,973	1,022	0,958	0,960	0,615	0,640	0,787	0,766	0,803	0,962	0,982	1,146	0,960	1,027	0,993	0,978	0,584	0,587	0,767	0,735	0,738	0,968	1,011	1,041	0,955	1,044	1,041	0,986	0,606	0,741	0,776	0,747	0,958	0,999	1,000	1,061	1,018	1,052	1,009	1,041	0,635	0,620	0,805	0,743	0,745	1,018	0,922	0,989	1,005	1,108	1,079	1,012	0,735	0,749	0,804	0,776	0,764	1,065	1,041	1,087
19:50:19	37,0	1,036	1,083	1,004	1,054	0,740	0,728	0,818	0,753	0,800	1,012	0,964	1,039	1,017	1,021	0,953	0,974	0,587	0,640	0,762	0,748	0,782	0,959	0,920	1,001	0,989	1,013	0,957	0,983	0,615	0,653	0,775	0,695	0,769	0,968	0,917	0,940	0,975	1,022	0,958	0,959	0,613	0,637	0,786	0,764	0,802	0,963	0,983	1,147	0,964	1,028	0,993	0,978	0,583	0,587	0,768	0,735	0,739	0,970	1,011	1,044	0,956	1,044	1,040	0,985	0,601	0,740	0,778	0,747	0,961	1,000	1,001	1,064	1,019	1,051	1,010	1,043	0,636	0,617	0,804	0,744	0,743	1,018	0,923	0,991	1,005	1,109	1,080	1,013	0,735	0,750	0,811	0,777	0,765	1,068	1,043	1,088
20:00:19	37,0	1,037	1,082	1,003	1,053	0,736	0,727	0,818	0,753	0,801	1,012	0,965	1,039	1,015	1,021	0,953	0,975	0,585	0,638	0,763	0,750	0,782	0,960	0,921	1,001	0,989	1,015	0,956	0,986	0,613	0,653	0,776	0,696	0,769	0,968	0,917	0,940	0,973	1,024	0,958	0,963	0,611	0,635	0,788	0,765	0,803	0,964	0,983	1,145	0,961	1,028	0,993	0,978	0,579	0,586	0,768	0,735	0,740	0,969	1,012	1,044	0,956	1,043	1,041	0,986	0,597	0,736	0,779	0,749	0,963	1,001	1,001	1,064	1,018	1,051	1,010	1,043	0,634	0,613	0,804	0,744	0,742	1,019	0,923	0,990	1,005	1,107	1,080	1,015	0,735	0,749	0,810	0,777	0,768	1,067	1,042	1,088
20:10:19	37,0	1,037	1,083	1,004	1,054	0,735	0,725	0,822	0,753	0,802	1,013	0,964	1,039	1,017	1,022	0,955	0,974	0,584	0,639	0,764	0,750	0,782	0,960	0,920	1,000	0,992	1,016	0,957	0,988	0,611	0,652	0,777	0,697	0,769	0,968	0,917	0,939	0,977	1,025	0,959	0,964	0,607	0,634	0,789	0,768	0,801	0,964	0,982	1,144	0,964	1,029	0,993	0,979	0,580	0,582	0,768	0,735	0,740	0,969	1,012	1,044	0,956	1,043	1,041	0,987	0,594	0,732	0,780	0,750	0,964	1,001	1,001	1,064	1,020	1,051	1,011	1,042	0,631	0,613	0,803	0,743	0,743	1,018	0,923	0,990	1,006	1,108	1,081	1,016	0,732	0,748	0,811	0,777	0,769	1,068	1,042	1,087
20:20:19	37,0	1,038	1,084	1,006	1,057	0,736	0,724	0,826	0,757	0,803	1,016	0,967	1,041	1,020	1,024	0,955	0,974	0,580	0,636	0,768	0,749	0,781	0,962	0,921	1,002	0,991	1,016	0,958	0,986	0,610	0,648	0,778	0,696	0,768	0,969	0,918	0,941	0,978	1,024	0,960	0,965	0,602	0,632	0,788	0,766	0,801	0,965	0,983	1,144	0,965	1,028	0,993	0,979	0,576	0,580	0,770	0,736	0,739	0,970	1,012	1,047	0,957	1,042	1,041	0,986	0,595	0,731	0,779	0,750	0,965	1,002	1,001	1,066	1,022	1,050	1,011	1,043	0,626	0,610	0,804	0,745	0,743	1,019	0,923	0,991	1,006	1,109	1,082	1,018	0,732	0,747	0,812	0,778	0,771	1,069	1,044	1,088
20:30:19	37,0	1,038	1,084	1,006	1,059	0,734	0,724	0,828	0,758	0,804	1,017	0,968	1,041	1,020	1,026	0,954	0,979	0,576	0,635	0,767	0,749	0,781	0,965	0,921	1,002	0,993	1,018	0,960	0,988	0,605	0,646	0,779	0,695	0,767	0,971	0,917	0,941	0,977	1,025	0,959	0,966	0,598	0,631	0,790	0,764	0,800	0,966	0,984	1,143	0,964	1,029	0,994	0,979	0,572	0,577	0,770	0,735	0,740	0,971	1,012	1,048	0,956	1,044	1,041	0,987	0,599	0,731	0,779	0,750	0,967	1,002	1,002	1,066	1,022	1,051	1,012	1,045	0,627	0,611	0,805	0,745	0,743	1,020	0,923	0,991	1,008	1,109	1,082	1,019	0,729	0,746	0,816	0,780	0,772	1,070	1,044	1,088
20:40:19	37,0	1,038	1,083	1,005	1,059	0,733	0,724	0,828	0,758	0,803	1,017	0,968	1,041	1,021	1,027	0,955	0,978	0,575	0,631	0,766	0,748	0,778	0,964	0,922	1,004	0,992	1,016	0,959	0,989	0,602	0,644	0,778	0,696	0,767	0,970	0,917	0,939	0,979	1,025	0,958	0,967	0,598	0,629	0,788	0,765	0,799	0,967	0,984	1,142	0,966	1,029	0,994	0,979	0,568	0,573	0,769	0,734	0,740	0,970	1,013	1,049	0,959	1,043	1,041	0,987	0,597	0,729	0,778	0,750	0,967	1,003	1,001	1,067	1,020	1,050	1,012	1,044	0,625	0,610	0,806	0,743	0,741	1,020	0,923	0,992	1,007	1,108	1,082	1,022	0,730	0,744	0,818	0,782	0,771	1,070	1,044	1,087
20:50:19	37,0	1,040	1,083	1,006	1,060	0,732	0,724	0,831	0,759	0,804	1,019	0,968	1,042	1,022	1,028	0,955	0,978	0,575	0,631	0,766	0,747	0,778	0,963	0,922	1,004	0,992	1,018	0,958	0,989	0,600	0,644	0,778	0,695	0,766	0,971	0,917	0,939	0,980	1,025	0,959	0,967	0,595	0,628	0,790	0,766	0,799	0,967	0,983	1,140	0,965	1,029	0,995	0,979	0,569	0,571	0,768	0,734	0,740	0,972	1,011	1,049	0,959	1,044	1,042	0,987	0,592	0,728	0,780	0,750	0,969	1,003	1,001	1,068	1,022	1,051	1,012	1,044	0,622	0,607	0,807	0,744	0,742	1,020	0,922	0,991	1,007	1,109	1,081	1,022	0,727	0,743	0,821	0,783	0,772	1,070	1,045	1,087
21:00:19	37,0	1,039	1,083	1,006	1,061	0,731	0,723	0,832	0,761	0,804	1,020	0,969	1,043	1,023	1,029	0,956	0,977	0,570	0,629	0,770	0,749	0,777	0,964	0,922	1,004	0,992	1,017	0,959	0,988	0,598	0,642	0,777	0,695	0,766	0,972	0,916	0,941	0,979	1,025	0,960	0,967	0,593	0,625	0,789	0,767	0,798	0,966	0,984	1,139	0,968	1,029	0,994	0,979	0,567	0,568	0,768	0,732	0,743	0,973	1,011	1,050	0,959	1,044	1,042	0,988	0,589	0,728	0,780	0,750	0,970	1,004	1,000	1,068	1,023	1,050	1,011	1,044	0,619	0,603	0,807	0,743	0,741	1,021	0,922	0,991	1,007	1,108	1,082	1,023	0,726	0,743	0,821	0,782	0,772	1,071	1,046	1,087
21:10:19	37,0	1,040	1,085	1,007	1,063	0,732	0,725	0,836	0,761	0,806	1,022	0,971	1,043	1,023	1,029	0,956	0,977	0,567	0,629	0,769	0,748	0,777	0,966	0,923	1,005	0,994	1,018	0,960	0,990	0,595	0,639	0,776	0,695	0,764	0,972	0,916	0,940	0,982	1,026	0,960	0,969	0,592	0,624	0,788	0,766	0,797	0,967	0,984	1,139	0,967	1,029	0,994	0,979	0,564	0,568	0,768	0,732	0,743	0,973	1,012	1,052	0,961	1,043	1,042	0,987	0,588	0,728	0,780	0,749	0,970	1,005	1,001	1,069	1,024	1,050	1,012	1,044	0,620	0,599	0,807	0,743	0,741	1,021	0,923	0,993	1,008	1,108	1,083	1,024	0,725	0,742	0,822	0,786	0,773	1,072	1,046	1,087
21:20:19	36,9	1,041	1,085	1,007	1,065	0,731	0,725	0,834	0,763	0,805	1,024	0,971	1,042	1,024	1,029	0,955	0,977	0,566	0,627	0,767	0,747	0,777	0,967	0,922	1,005	0,993	1,019	0,959	0,987	0,593	0,638	0,776	0,694	0,764	0,973	0,916	0,940	0,981	1,026	0,960	0,970	0,592	0,623	0,787	0,764	0,796	0,967	0,985	1,138	0,967	1,028	0,995	0,978	0,561	0,566	0,768	0,730	0,741	0,974	1,012	1,054	0,961	1,043	1,043	0,987	0,584	0,727	0,778	0,748	0,972	1,005	1,002	1,071	1,024	1,050	1,013	1,044	0,619	0,596	0,808	0,743	0,740	1,022	0,923	0,994	1,008	1,108	1,083	1,024	0,724	0,741	0,825	0,785	0,775	1,073	1,047	1,087
21:30:19	37,0	1,042	1,085	1,006	1,065	0,729	0,724	0,838	0,764	0,805	1,024	0,971	1,041	1,024	1,029	0,955	0,978	0,565	0,626	0,768	0,746	0,776	0,967	0,921	1,005	0,993	1,020	0,960	0,987	0,591	0,636	0,775	0,691	0,763	0,973	0,915	0,939	0,982	1,026	0,961	0,971	0,588	0,622	0,789	0,762	0,795	0,967	0,984	1,136	0,968	1,029	0,996	0,978	0,558	0,565	0,767	0,730	0,740	0,974	1,012	1,054	0,962	1,042	1,042	0,986	0,580	0,726	0,781	0,746	0,973	1,005	1,002	1,071	1,023	1,050	1,012	1,044	0,617	0,594	0,808	0,742	0,738	1,023	0,922	0,993	1,008	1,107	1,083	1,024	0,724	0,739	0,828	0,786	0,775	1,072	1,046	1,086
21:40:19	37,0	1,042	1,085	1,008	1,066	0,729	0,724	0,838	0,766	0,804	1,025	0,972	1,042	1,025	1,030	0,955	0,978	0,564	0,625	0,766	0,746	0,774	0,968	0,921	1,005	0,993	1,020	0,959	0,989	0,588	0,635	0,777	0,693	0,762	0,974	0,914	0,940	0,984	1,027	0,962	0,971	0,585	0,622	0,788	0,762	0,793	0,966	0,985	1,136	0,971	1,029	0,996	0,979	0,557	0,564	0,767	0,729	0,740	0,974	1,012	1,055	0,963	1,043	1,042	0,986	0,578	0,726	0,780	0,746	0,973	1,005	1,002	1,072	1,025	1,049	1,012	1,046	0,616	0,593	0,808	0,742	0,738	1,024	0,922	0,993	1,009	1,107	1,083	1,026	0,722	0,738	0,829	0,789	0,778	1,072	1,047	1,087
21:50:19	37,0	1,042	1,085	1,007	1,067	0,728	0,723	0,840	0,768	0,806	1,025	0,973	1,042	1,026	1,031	0,956	0,980	0,561	0,624	0,766	0,747	0,773	0,968	0,920	1,005	0,993	1,020	0,959	0,989	0,586	0,634	0,777	0,691	0,761	0,974	0,915	0,940	0,984	1,028	0,962	0,971	0,584	0,621	0,789	0,761	0,792	0,969	0,984	1,135	0,969	1,029	0,997	0,977	0,556	0,563	0,766	0,729	0,740	0,975	1,012	1,056	0,962	1,044	1,042	0,984	0,576	0,726	0,778	0,745	0,974	1,006	1,002	1,073	1,026	1,049	1,012	1,045	0,617	0,592	0,807	0,742	0,737	1,024	0,922	0,993	1,009	1,107	1,083	1,028	0,721	0,738	0,831	0,789	0,779	1,072	1,047	1,087
22:00:19	37,0	1,041	1,084	1,008	1,067	0,725	0,722	0,842	0,768	0,804	1,025	0,972	1,042	1,025	1,029	0,956	0,980	0,557	0,623	0,765	0,745	0,771	0,968	0,920	1,004	0,994	1,022	0,959	0,989	0,585	0,634	0,776	0,690	0,760	0,974	0,914	0,939	0,984	1,028	0,963	0,970	0,581	0,619	0,789	0,760	0,791	0,969	0,984	1,133	0,969	1,029	0,996	0,978	0,556	0,563	0,766	0,728	0,740	0,974	1,011	1,055	0,962	1,043	1,042	0,984	0,575	0,725	0,777	0,744	0,974	1,006	1,001	1,072	1,025	1,048	1,012	1,044	0,613	0,590	0,807	0,741	0,737	1,024	0,922	0,993	1,008	1,105	1,082	1,028	0,719	0,736	0,831	0,788	0,779	1,071	1,046	1,086
22:10:19	37,0	1,044	1,083	1,008	1,068	0,724	0,722	0,842	0,769	0,805	1,025	0,972	1,042	1,025	1,029	0,956	0,981	0,555	0,622	0,764	0,743	0,770	0,969	0,919	1,004	0,993	1,021	0,960	0,990	0,586	0,633	0,775	0,690	0,759	0,973	0,912	0,938	0,984	1,027	0,964	0,971	0,580	0,619	0,789	0,759	0,790	0,969	0,984	1,131	0,971	1,029	0,996	0,979	0,553	0,560	0,764	0,726	0,740	0,974	1,011	1,055	0,963	1,042	1,043	0,983	0,576	0,724	0,776	0,744	0,973	1,007	1,001	1,071	1,027	1,047	1,013	1,044	0,611	0,586	0,807	0,740	0,735	1,024	0,921	0,992	1,008	1,105	1,081	1,027	0,717	0,735	0,830	0,790	0,780	1,070	1,045	1,085
22:20:19	37,0	1,045	1,084	1,009	1,068	0,724	0,721	0,843	0,768	0,806	1,027	0,973	1,043	1,027	1,031	0,956	0,981	0,551	0,621	0,763	0,744	0,770	0,969	0,920	1,004	0,995	1,020	0,959	0,989	0,582	0,632	0,776	0,691	0,758	0,975	0,913	0,939	0,985	1,027	0,963	0,970	0,578	0,619	0,786	0,759	0,789	0,970	0,985	1,130	0,972	1,029	0,996	0,978	0,553	0,559	0,764	0,724	0,741	0,976	1,012	1,057	0,962	1,042	1,044	0,985	0,573	0,722	0,776	0,744	0,973	1,008	1,001	1,072	1,028	1,048	1,014	1,044	0,610	0,584	0,807	0,740	0,735	1,025	0,921	0,993	1,009	1,105	1,082	1,028	0,716	0,734	0,833	0,790	0,780	1,071	1,045	1,086
22:30:19	37,0	1,043	1,084	1,009	1,069	0,723	0,721	0,843	0,769	0,804	1,028	0,973	1,043	1,026	1,032	0,955	0,979	0,550	0,619	0,762	0,742	0,768	0,971	0,918	1,005	0,995	1,021	0,959	0,988	0,581	0,631	0,774	0,689	0,757	0,975	0,914	0,941	0,985	1,028	0,963	0,970	0,577	0,617	0,786	0,756	0,786	0,971	0,985	1,130	0,971	1,028	0,996	0,978	0,549	0,555	0,762	0,723	0,739	0,976	1,011	1,058	0,963	1,042	1,043	0,983	0,569	0,720	0,774	0,742	0,973	1,008	1,002	1,073	1,028	1,047	1,014	1,042	0,608	0,583	0,807	0,739	0,733	1,026	0,921	0,995	1,008	1,104	1,082	1,028	0,716	0,733	0,833	0,791	0,781	1,071	1,046	1,085
22:40:19	37,0	1,044	1,083	1,008	1,067	0,721	0,718	0,844	0,768	0,803	1,028	0,973	1,041	1,025	1,031	0,957	0,980	0,549	0,618	0,763	0,742	0,767	0,970	0,917	1,004	0,994	1,020	0,960	0,989	0,580	0,631	0,775	0,688	0,756	0,975	0,912	0,939	0,984	1,028	0,963	0,971	0,576	0,617	0,784	0,755	0,786	0,971	0,985	1,127	0,970	1,028	0,997	0,977	0,551	0,550	0,762	0,723	0,739	0,977	1,011	1,057	0,963	1,042	1,044	0,982	0,566	0,719	0,776	0,741	0,973	1,007	1,002	1,073	1,028	1,047	1,015	1,043	0,607	0,585	0,807	0,738	0,732	1,026	0,920	0,992	1,009	1,104	1,082	1,027	0,714	0,732	0,834	0,788	0,779	1,070	1,044	1,085
22:50:19	37,0	1,042	1,082	1,009	1,068	0,720	0,719	0,846	0,768	0,803	1,028	0,974	1,042	1,025	1,030	0,957	0,980	0,548	0,617	0,763	0,739	0,766	0,970	0,918	1,004	0,995	1,020	0,959	0,990	0,577	0,630	0,772	0,685	0,754	0,974	0,911	0,939	0,985	1,027	0,965	0,971	0,573	0,615	0,783	0,753	0,785	0,969	0,986	1,127	0,972	1,029	0,995	0,975	0,550	0,549	0,760	0,722	0,738	0,977	1,012	1,058	0,964	1,041	1,042	0,983	0,563	0,718	0,773	0,739	0,973	1,007	1,002	1,072	1,028	1,046	1,014	1,042	0,606	0,583	0,805	0,735	0,729	1,026	0,920	0,992	1,009	1,103	1,082	1,028	0,714	0,730	0,835	0,790	0,780	1,069	1,043	1,085
23:00:19	37,0	1,044	1,081	1,009	1,066	0,716	0,715	0,845	0,767	0,803	1,028	0,972	1,041	1,024	1,030	0,957	0,979	0,547	0,619	0,765	0,739	0,766	0,970	0,916	1,003	0,996	1,020	0,960	0,991	0,578	0,631	0,773	0,684	0,755	0,974	0,910	0,936	0,984	1,028	0,966	0,972	0,576	0,616	0,786	0,754	0,784	0,971	0,984	1,123	0,972	1,030	0,997	0,978	0,547	0,550	0,761	0,723	0,740	0,976	1,010	1,054	0,962	1,042	1,044	0,982	0,564	0,715	0,774	0,741	0,973	1,007	1,001	1,070	1,030	1,045	1,015	1,041	0,605	0,581	0,806	0,736	0,732	1,026	0,918	0,990	1,009	1,102	1,082	1,026	0,714	0,728	0,831	0,787	0,780	1,067	1,042	1,084
23:10:19	37,0	1,044	1,082	1,010	1,067	0,715	0,714	0,847	0,770	0,802	1,028	0,974	1,043	1,026	1,030	0,957	0,977	0,545	0,619	0,763	0,738	0,766	0,970	0,915	1,003	0,996	1,019	0,957	0,992	0,575	0,630	0,772	0,682	0,755	0,975	0,909	0,938	0,984	1,028	0,965	0,971	0,572	0,615	0,785	0,753	0,783	0,970	0,985	1,122	0,973	1,028	0,996	0,977	0,547	0,550	0,761	0,720	0,740	0,976	1,010	1,056	0,964	1,041	1,043	0,982	0,562	0,713	0,772	0,740	0,973	1,007	1,000	1,069	1,029	1,044	1,014	1,040	0,606	0,579	0,805	0,734	0,729	1,025	0,920	0,991	1,010	1,101	1,083	1,026	0,711	0,727	0,834	0,788	0,780	1,067	1,042	1,084
23:20:19	37,0	1,043	1,080	1,012	1,066	0,712	0,714	0,848	0,769	0,800	1,030	0,973	1,042	1,026	1,031	0,957	0,976	0,544	0,617	0,763	0,739	0,764	0,968	0,915	1,004	0,997	1,019	0,958	0,993	0,574	0,629	0,772	0,682	0,754	0,975	0,909	0,937	0,985	1,027	0,965	0,970	0,572	0,614	0,783	0,751	0,782	0,970	0,985	1,121	0,971	1,028	0,997	0,976	0,544	0,548	0,759	0,718	0,739	0,975	1,010	1,055	0,964	1,040	1,043	0,981	0,564	0,710	0,772	0,739	0,974	1,005	1,001	1,068	1,028	1,043	1,014	1,040	0,604	0,577	0,806	0,733	0,727	1,024	0,917	0,989	1,009	1,102	1,082	1,025	0,711	0,724	0,831	0,785	0,778	1,066	1,040	1,083
23:30:19	37,0	1,043	1,081	1,011	1,067	0,713	0,714	0,846	0,769	0,800	1,030	0,973	1,042	1,026	1,032	0,958	0,975	0,544	0,616	0,762	0,737	0,763	0,969	0,914	1,003	0,998	1,018	0,958	0,990	0,573	0,628	0,772	0,682	0,752	0,975	0,909	0,936	0,984	1,027	0,965	0,969	0,569	0,613	0,782	0,750	0,780	0,970	0,985	1,120	0,973	1,028	0,997	0,976	0,543	0,547	0,759	0,716	0,736	0,975	1,009	1,055	0,966	1,040	1,043	0,981	0,564	0,710	0,771	0,736	0,973	1,005	1,000	1,067	1,030	1,044	1,013	1,040	0,602	0,575	0,806	0,731	0,726	1,024	0,918	0,989	1,011	1,101	1,081	1,026	0,712	0,724	0,833	0,785	0,778	1,065	1,040	1,084
23:40:19	37,0	1,044	1,081	1,013	1,068	0,711	0,714	0,850	0,772	0,801	1,030	0,972	1,042	1,026	1,031	0,957	0,978	0,542	0,615	0,763	0,736	0,761	0,968	0,915	1,004	0,998	1,018	0,956	0,988	0,572	0,628	0,771	0,681	0,751	0,977	0,908	0,935	0,986	1,027	0,964	0,967	0,567	0,612	0,781	0,748	0,779	0,970	0,985	1,118	0,972	1,028	0,995	0,975	0,539	0,544	0,757	0,714	0,736	0,977	1,009	1,056	0,964	1,039	1,043	0,983	0,563	0,710	0,769	0,736	0,972	1,006	1,000	1,067	1,029	1,044	1,014	1,040	0,601	0,573	0,805	0,730	0,725	1,024	0,917	0,988	1,012	1,101	1,081	1,025	0,710	0,722	0,833	0,783	0,776	1,065	1,039	1,084
23:50:19	37,0	1,044	1,079	1,014	1,067	0,711	0,713	0,845	0,769	0,800	1,031	0,972	1,041	1,028	1,031	0,958	0,976	0,539	0,613	0,761	0,733	0,760	0,969	0,913	1,003	0,999	1,018	0,956	0,987	0,571	0,627	0,770	0,679	0,750	0,977	0,908	0,935	0,987	1,027	0,965	0,966	0,567	0,613	0,781	0,746	0,777	0,970	0,984	1,118	0,973	1,027	0,995	0,975	0,541	0,543	0,758	0,713	0,734	0,977	1,009	1,055	0,965	1,039	1,042	0,981	0,562	0,709	0,769	0,735	0,971	1,008	0,999	1,067	1,028	1,043	1,013	1,039	0,599	0,571	0,805	0,729	0,726	1,025	0,917	0,988	1,012	1,101	1,082	1,026	0,710	0,720	0,832	0,784	0,776	1,065	1,039	1,084
24:00:19	36,9	1,043	1,079	1,015	1,067	0,711	0,711	0,846	0,769	0,799	1,033	0,973	1,041	1,024	1,030	0,959	0,977	0,538	0,612	0,759	0,731	0,759	0,970	0,913	1,003	1,000	1,017	0,955	0,987	0,568	0,624	0,768	0,677	0,749	0,978	0,909	0,935	0,984	1,027	0,966	0,965	0,565	0,612	0,780	0,745	0,776	0,971	0,985	1,117	0,972	1,026	0,995	0,973	0,538	0,544	0,755	0,712	0,733	0,979	1,009	1,057	0,966	1,038	1,042	0,981	0,560	0,709	0,767	0,733	0,972	1,007	0,999	1,068	1,026	1,043	1,013	1,039	0,598	0,572	0,803	0,727	0,723	1,025	0,917	0,987	1,012	1,099	1,080	1,026	0,706	0,720	0,832	0,782	0,776	1,064	1,039	1,084