Time	TOpticalDensity600	A1	A2	A3	A4	A5	A6	A7	A8	A9	A10	A11	A12	B1	B2	B3	B4	B5	B6	B7	B8	B9	B10	B11	B12	C1	C2	C3	C4	C5	C6	C7	C8	C9	C10	C11	C12	D1	D2	D3	D4	D5	D6	D7	D8	D9	D10	D11	D12	E1	E2	E3	E4	E5	E6	E7	E8	E9	E10	E11	E12	F1	F2	F3	F4	F5	F6	F7	F8	F9	F10	F11	F12	G1	G2	G3	G4	G5	G6	G7	G8	G9	G10	G11	G12	H1	H2	H3	H4	H5	H6	H7	H8	H9	H10	H11	H12
0:00:19	37,0	0,084	0,086	0,086	0,085	0,085	0,087	0,083	0,084	0,083	0,082	0,081	0,086	0,086	0,086	0,086	0,089	0,088	0,086	0,084	0,084	0,083	0,084	0,084	0,082	0,086	0,087	0,088	0,090	0,087	0,088	0,084	0,084	0,084	0,082	0,084	0,081	0,086	0,087	0,085	0,088	0,091	0,089	0,086	0,086	0,082	0,082	0,084	0,083	0,086	0,087	0,087	0,088	0,087	0,087	0,083	0,082	0,083	0,084	0,084	0,082	0,088	0,089	0,086	0,088	0,088	0,087	0,084	0,084	0,083	0,084	0,083	0,082	0,088	0,099	0,089	0,088	0,086	0,086	0,083	0,083	0,084	0,083	0,082	0,085	0,092	0,089	0,089	0,086	0,089	0,087	0,082	0,083	0,082	0,082	0,082	0,084
0:10:19	37,0	0,084	0,086	0,086	0,085	0,085	0,087	0,083	0,084	0,083	0,081	0,081	0,083	0,086	0,085	0,086	0,089	0,088	0,086	0,084	0,084	0,083	0,084	0,084	0,082	0,086	0,087	0,088	0,089	0,087	0,088	0,084	0,084	0,083	0,083	0,084	0,081	0,086	0,086	0,085	0,088	0,090	0,088	0,086	0,085	0,081	0,082	0,084	0,082	0,086	0,087	0,087	0,088	0,087	0,087	0,083	0,082	0,082	0,084	0,084	0,081	0,087	0,088	0,086	0,088	0,087	0,087	0,084	0,084	0,083	0,085	0,082	0,081	0,088	0,099	0,088	0,087	0,085	0,086	0,083	0,083	0,083	0,091	0,082	0,085	0,091	0,089	0,088	0,085	0,088	0,087	0,082	0,082	0,082	0,082	0,082	0,084
0:20:19	37,0	0,085	0,087	0,087	0,085	0,086	0,088	0,083	0,084	0,083	0,081	0,081	0,083	0,086	0,086	0,087	0,090	0,088	0,087	0,084	0,084	0,083	0,084	0,084	0,082	0,087	0,087	0,088	0,090	0,087	0,088	0,084	0,084	0,084	0,083	0,084	0,081	0,086	0,087	0,085	0,088	0,091	0,089	0,086	0,085	0,082	0,082	0,084	0,083	0,086	0,087	0,087	0,088	0,088	0,088	0,083	0,082	0,083	0,084	0,084	0,081	0,088	0,089	0,086	0,089	0,088	0,088	0,084	0,084	0,083	0,085	0,083	0,082	0,088	0,100	0,088	0,088	0,086	0,087	0,083	0,083	0,084	0,091	0,082	0,085	0,092	0,089	0,089	0,086	0,089	0,088	0,082	0,083	0,082	0,082	0,082	0,084
0:30:19	37,0	0,085	0,087	0,087	0,086	0,086	0,089	0,083	0,084	0,083	0,081	0,081	0,083	0,087	0,087	0,087	0,090	0,088	0,087	0,084	0,084	0,083	0,084	0,084	0,082	0,087	0,087	0,089	0,090	0,088	0,089	0,084	0,084	0,083	0,083	0,084	0,081	0,087	0,087	0,086	0,088	0,091	0,090	0,086	0,085	0,082	0,082	0,084	0,082	0,086	0,088	0,087	0,089	0,088	0,088	0,083	0,082	0,082	0,084	0,084	0,081	0,088	0,089	0,087	0,089	0,088	0,088	0,084	0,084	0,083	0,085	0,082	0,082	0,089	0,100	0,089	0,088	0,086	0,087	0,083	0,083	0,084	0,091	0,082	0,085	0,092	0,089	0,089	0,086	0,089	0,089	0,082	0,082	0,082	0,082	0,082	0,084
0:40:19	37,0	0,086	0,088	0,088	0,086	0,087	0,090	0,083	0,084	0,083	0,081	0,081	0,083	0,087	0,087	0,088	0,090	0,089	0,089	0,084	0,084	0,083	0,084	0,084	0,082	0,088	0,088	0,089	0,091	0,088	0,090	0,084	0,084	0,083	0,083	0,084	0,081	0,087	0,088	0,086	0,088	0,092	0,091	0,086	0,085	0,082	0,082	0,084	0,082	0,087	0,088	0,088	0,089	0,089	0,089	0,083	0,082	0,082	0,084	0,084	0,081	0,089	0,090	0,088	0,089	0,089	0,089	0,084	0,084	0,083	0,085	0,083	0,082	0,089	0,101	0,089	0,088	0,087	0,088	0,083	0,083	0,084	0,091	0,082	0,085	0,093	0,090	0,090	0,087	0,090	0,090	0,082	0,082	0,082	0,082	0,082	0,084
0:50:19	37,0	0,087	0,089	0,089	0,088	0,088	0,092	0,083	0,084	0,083	0,081	0,081	0,083	0,088	0,089	0,089	0,091	0,090	0,090	0,084	0,084	0,083	0,084	0,084	0,082	0,089	0,089	0,090	0,092	0,090	0,091	0,083	0,084	0,084	0,083	0,084	0,081	0,088	0,089	0,087	0,089	0,093	0,092	0,086	0,085	0,082	0,082	0,084	0,083	0,088	0,089	0,089	0,090	0,090	0,090	0,083	0,082	0,082	0,084	0,084	0,081	0,090	0,091	0,088	0,090	0,090	0,091	0,084	0,084	0,083	0,085	0,082	0,082	0,090	0,102	0,090	0,089	0,088	0,089	0,083	0,083	0,084	0,091	0,082	0,085	0,094	0,091	0,091	0,088	0,091	0,091	0,082	0,082	0,082	0,081	0,082	0,084
1:00:19	37,0	0,088	0,090	0,091	0,089	0,090	0,094	0,083	0,084	0,083	0,081	0,081	0,083	0,090	0,090	0,090	0,093	0,092	0,092	0,084	0,084	0,083	0,084	0,084	0,082	0,090	0,091	0,092	0,093	0,091	0,094	0,084	0,084	0,083	0,083	0,084	0,081	0,090	0,090	0,088	0,091	0,095	0,095	0,086	0,085	0,082	0,082	0,084	0,082	0,089	0,091	0,090	0,092	0,092	0,093	0,083	0,082	0,082	0,084	0,084	0,081	0,091	0,092	0,090	0,092	0,092	0,093	0,084	0,084	0,083	0,085	0,083	0,082	0,092	0,103	0,092	0,091	0,090	0,092	0,083	0,083	0,084	0,091	0,082	0,085	0,095	0,093	0,092	0,089	0,093	0,094	0,082	0,082	0,082	0,081	0,082	0,084
1:10:19	37,0	0,091	0,093	0,093	0,092	0,093	0,099	0,083	0,084	0,083	0,081	0,081	0,083	0,092	0,093	0,092	0,096	0,095	0,096	0,084	0,084	0,083	0,084	0,084	0,082	0,093	0,093	0,094	0,096	0,095	0,097	0,084	0,084	0,084	0,083	0,084	0,081	0,092	0,093	0,091	0,093	0,098	0,098	0,086	0,085	0,082	0,082	0,084	0,083	0,092	0,094	0,093	0,095	0,094	0,097	0,083	0,082	0,082	0,084	0,084	0,081	0,094	0,095	0,092	0,094	0,095	0,097	0,084	0,084	0,083	0,085	0,083	0,082	0,095	0,106	0,094	0,093	0,093	0,095	0,083	0,083	0,084	0,091	0,082	0,085	0,098	0,096	0,094	0,092	0,097	0,098	0,082	0,082	0,082	0,082	0,082	0,084
1:20:19	37,0	0,094	0,096	0,096	0,095	0,097	0,104	0,083	0,084	0,083	0,081	0,081	0,083	0,096	0,096	0,096	0,099	0,099	0,101	0,084	0,084	0,083	0,084	0,084	0,082	0,096	0,097	0,097	0,100	0,099	0,102	0,084	0,084	0,084	0,083	0,084	0,081	0,096	0,096	0,094	0,097	0,103	0,103	0,085	0,085	0,082	0,082	0,084	0,083	0,095	0,097	0,096	0,099	0,098	0,102	0,083	0,082	0,082	0,084	0,084	0,081	0,097	0,098	0,095	0,097	0,099	0,102	0,084	0,084	0,083	0,085	0,082	0,082	0,098	0,109	0,097	0,097	0,098	0,101	0,083	0,083	0,084	0,091	0,082	0,085	0,101	0,099	0,098	0,095	0,101	0,102	0,082	0,082	0,082	0,082	0,082	0,084
1:30:19	37,0	0,098	0,101	0,101	0,101	0,104	0,113	0,083	0,084	0,083	0,081	0,081	0,083	0,100	0,101	0,100	0,104	0,105	0,108	0,084	0,084	0,083	0,084	0,084	0,082	0,100	0,101	0,102	0,105	0,105	0,109	0,084	0,084	0,084	0,083	0,084	0,081	0,100	0,100	0,099	0,102	0,109	0,111	0,086	0,085	0,082	0,082	0,084	0,083	0,100	0,102	0,100	0,104	0,104	0,110	0,083	0,082	0,082	0,084	0,084	0,081	0,102	0,102	0,100	0,102	0,105	0,110	0,084	0,084	0,083	0,084	0,082	0,082	0,102	0,114	0,102	0,101	0,104	0,107	0,083	0,083	0,084	0,091	0,082	0,085	0,105	0,104	0,103	0,100	0,108	0,111	0,082	0,082	0,082	0,082	0,082	0,084
1:40:19	37,0	0,104	0,108	0,107	0,108	0,113	0,124	0,083	0,084	0,083	0,081	0,081	0,083	0,106	0,107	0,106	0,112	0,114	0,118	0,084	0,084	0,083	0,084	0,084	0,082	0,106	0,107	0,108	0,113	0,115	0,119	0,084	0,084	0,084	0,083	0,084	0,081	0,106	0,106	0,105	0,110	0,119	0,122	0,086	0,085	0,082	0,082	0,084	0,082	0,105	0,108	0,107	0,112	0,112	0,121	0,083	0,082	0,082	0,084	0,084	0,081	0,109	0,109	0,106	0,109	0,114	0,120	0,084	0,084	0,083	0,085	0,082	0,082	0,108	0,120	0,108	0,108	0,113	0,118	0,083	0,083	0,084	0,091	0,082	0,085	0,112	0,111	0,109	0,107	0,117	0,123	0,082	0,082	0,082	0,082	0,082	0,084
1:50:19	37,0	0,112	0,117	0,116	0,119	0,127	0,138	0,083	0,084	0,083	0,081	0,081	0,083	0,115	0,116	0,114	0,122	0,126	0,132	0,084	0,084	0,083	0,084	0,084	0,082	0,114	0,117	0,117	0,123	0,127	0,133	0,084	0,084	0,084	0,083	0,084	0,081	0,114	0,116	0,113	0,120	0,132	0,134	0,086	0,085	0,082	0,082	0,084	0,083	0,114	0,117	0,115	0,122	0,124	0,133	0,083	0,082	0,083	0,084	0,084	0,081	0,117	0,119	0,115	0,120	0,127	0,133	0,084	0,084	0,083	0,085	0,082	0,082	0,116	0,129	0,116	0,118	0,125	0,130	0,083	0,083	0,083	0,091	0,082	0,085	0,120	0,121	0,119	0,118	0,130	0,135	0,082	0,082	0,082	0,082	0,082	0,084
2:00:19	37,0	0,124	0,128	0,128	0,134	0,138	0,153	0,083	0,084	0,083	0,081	0,081	0,083	0,126	0,128	0,126	0,135	0,139	0,145	0,084	0,084	0,083	0,084	0,084	0,082	0,125	0,128	0,128	0,136	0,141	0,147	0,084	0,084	0,084	0,083	0,084	0,081	0,125	0,126	0,123	0,132	0,145	0,149	0,086	0,085	0,082	0,082	0,084	0,083	0,125	0,128	0,125	0,135	0,137	0,146	0,083	0,082	0,082	0,084	0,084	0,081	0,128	0,130	0,126	0,131	0,140	0,146	0,084	0,084	0,083	0,085	0,083	0,082	0,128	0,141	0,128	0,129	0,137	0,144	0,083	0,083	0,084	0,091	0,082	0,085	0,131	0,133	0,130	0,130	0,144	0,149	0,082	0,082	0,082	0,082	0,082	0,084
2:10:19	37,0	0,135	0,139	0,138	0,147	0,153	0,170	0,083	0,084	0,083	0,081	0,081	0,083	0,137	0,138	0,137	0,147	0,153	0,160	0,084	0,084	0,083	0,084	0,084	0,082	0,136	0,140	0,139	0,148	0,155	0,164	0,083	0,084	0,083	0,082	0,084	0,081	0,137	0,139	0,134	0,145	0,162	0,164	0,086	0,085	0,081	0,082	0,084	0,082	0,136	0,140	0,138	0,151	0,152	0,164	0,083	0,082	0,082	0,084	0,083	0,081	0,140	0,141	0,138	0,145	0,154	0,164	0,084	0,084	0,083	0,085	0,082	0,082	0,138	0,151	0,140	0,142	0,151	0,161	0,083	0,083	0,084	0,091	0,082	0,085	0,143	0,146	0,142	0,143	0,158	0,169	0,082	0,082	0,082	0,082	0,082	0,084
2:20:19	37,0	0,148	0,153	0,151	0,161	0,172	0,193	0,083	0,084	0,083	0,081	0,081	0,083	0,149	0,151	0,150	0,160	0,172	0,182	0,084	0,084	0,083	0,084	0,084	0,082	0,150	0,154	0,153	0,164	0,173	0,184	0,084	0,084	0,084	0,083	0,084	0,081	0,150	0,152	0,148	0,162	0,180	0,185	0,086	0,085	0,082	0,082	0,084	0,082	0,149	0,156	0,152	0,170	0,168	0,187	0,083	0,082	0,082	0,084	0,084	0,081	0,155	0,156	0,152	0,160	0,171	0,185	0,084	0,084	0,083	0,085	0,082	0,082	0,152	0,166	0,153	0,158	0,170	0,181	0,083	0,083	0,084	0,091	0,082	0,085	0,156	0,161	0,154	0,160	0,178	0,189	0,082	0,082	0,082	0,082	0,082	0,084
2:30:19	37,0	0,163	0,169	0,166	0,179	0,194	0,220	0,083	0,084	0,083	0,081	0,081	0,083	0,167	0,170	0,165	0,180	0,192	0,205	0,084	0,084	0,083	0,084	0,084	0,082	0,169	0,170	0,170	0,186	0,196	0,206	0,084	0,084	0,084	0,083	0,084	0,081	0,170	0,172	0,167	0,182	0,203	0,206	0,086	0,085	0,082	0,082	0,084	0,083	0,167	0,176	0,170	0,187	0,189	0,211	0,083	0,082	0,082	0,086	0,084	0,081	0,174	0,173	0,171	0,180	0,194	0,209	0,084	0,084	0,083	0,085	0,082	0,082	0,167	0,186	0,171	0,178	0,192	0,204	0,083	0,083	0,084	0,091	0,082	0,085	0,173	0,179	0,173	0,179	0,199	0,214	0,082	0,082	0,082	0,082	0,082	0,084
2:40:19	37,0	0,182	0,199	0,186	0,201	0,218	0,249	0,083	0,084	0,083	0,081	0,081	0,083	0,188	0,206	0,188	0,205	0,217	0,231	0,084	0,084	0,083	0,084	0,084	0,082	0,192	0,202	0,200	0,207	0,219	0,233	0,084	0,084	0,084	0,083	0,084	0,081	0,194	0,198	0,198	0,203	0,227	0,228	0,086	0,085	0,082	0,082	0,084	0,083	0,191	0,210	0,198	0,210	0,210	0,242	0,083	0,082	0,082	0,084	0,084	0,081	0,199	0,222	0,201	0,202	0,215	0,236	0,084	0,084	0,083	0,085	0,082	0,082	0,191	0,216	0,196	0,198	0,214	0,228	0,083	0,083	0,084	0,091	0,082	0,085	0,197	0,218	0,201	0,202	0,225	0,240	0,082	0,082	0,082	0,082	0,082	0,084
2:50:19	37,0	0,201	0,222	0,212	0,223	0,242	0,281	0,083	0,084	0,083	0,081	0,081	0,083	0,210	0,219	0,217	0,228	0,240	0,258	0,084	0,084	0,083	0,084	0,084	0,082	0,218	0,224	0,224	0,232	0,247	0,257	0,084	0,084	0,084	0,083	0,084	0,081	0,222	0,221	0,230	0,226	0,257	0,255	0,086	0,085	0,082	0,082	0,084	0,082	0,218	0,224	0,227	0,237	0,234	0,273	0,083	0,082	0,082	0,085	0,084	0,081	0,225	0,227	0,233	0,224	0,242	0,262	0,084	0,084	0,083	0,085	0,083	0,082	0,212	0,247	0,234	0,222	0,241	0,252	0,083	0,083	0,084	0,091	0,082	0,085	0,220	0,232	0,227	0,227	0,249	0,266	0,082	0,082	0,082	0,082	0,082	0,084
3:00:19	37,0	0,221	0,242	0,230	0,247	0,269	0,319	0,083	0,084	0,083	0,081	0,081	0,083	0,228	0,243	0,226	0,257	0,262	0,288	0,084	0,084	0,083	0,083	0,084	0,082	0,233	0,257	0,240	0,257	0,278	0,285	0,083	0,084	0,083	0,083	0,084	0,081	0,241	0,251	0,241	0,244	0,280	0,285	0,086	0,085	0,081	0,082	0,084	0,082	0,233	0,243	0,235	0,260	0,258	0,304	0,083	0,082	0,082	0,084	0,084	0,081	0,240	0,245	0,254	0,249	0,269	0,291	0,084	0,083	0,083	0,085	0,082	0,082	0,232	0,268	0,242	0,249	0,268	0,279	0,083	0,083	0,083	0,091	0,082	0,085	0,239	0,257	0,239	0,249	0,281	0,295	0,082	0,082	0,082	0,081	0,082	0,084
3:10:19	37,0	0,242	0,290	0,276	0,269	0,298	0,359	0,083	0,084	0,083	0,081	0,081	0,083	0,250	0,285	0,269	0,286	0,289	0,320	0,084	0,084	0,083	0,084	0,084	0,082	0,257	0,287	0,280	0,284	0,312	0,314	0,084	0,084	0,083	0,083	0,084	0,081	0,267	0,278	0,277	0,268	0,305	0,317	0,086	0,085	0,081	0,082	0,084	0,082	0,266	0,287	0,279	0,280	0,291	0,342	0,083	0,082	0,083	0,087	0,084	0,081	0,265	0,279	0,283	0,274	0,298	0,322	0,084	0,084	0,083	0,085	0,083	0,082	0,256	0,305	0,280	0,277	0,298	0,306	0,083	0,083	0,084	0,091	0,082	0,085	0,265	0,288	0,283	0,271	0,314	0,327	0,082	0,082	0,082	0,082	0,082	0,084
3:20:19	37,0	0,285	0,317	0,305	0,294	0,326	0,397	0,083	0,084	0,083	0,081	0,081	0,083	0,285	0,308	0,289	0,314	0,317	0,350	0,084	0,084	0,083	0,084	0,084	0,082	0,292	0,305	0,294	0,307	0,345	0,341	0,084	0,084	0,084	0,083	0,084	0,081	0,296	0,298	0,293	0,294	0,327	0,346	0,086	0,085	0,082	0,082	0,084	0,082	0,302	0,304	0,305	0,309	0,322	0,380	0,083	0,082	0,082	0,085	0,084	0,081	0,310	0,286	0,313	0,296	0,325	0,349	0,084	0,084	0,083	0,085	0,082	0,082	0,296	0,309	0,301	0,304	0,329	0,334	0,083	0,083	0,084	0,091	0,082	0,085	0,308	0,314	0,306	0,296	0,348	0,363	0,082	0,082	0,082	0,082	0,082	0,084
3:30:19	37,0	0,295	0,332	0,313	0,323	0,346	0,417	0,083	0,084	0,083	0,081	0,081	0,083	0,305	0,315	0,314	0,338	0,338	0,367	0,084	0,084	0,083	0,084	0,084	0,082	0,303	0,314	0,299	0,330	0,366	0,359	0,084	0,084	0,084	0,083	0,084	0,081	0,309	0,311	0,309	0,321	0,349	0,363	0,086	0,085	0,082	0,082	0,084	0,083	0,313	0,326	0,323	0,339	0,343	0,397	0,083	0,082	0,082	0,085	0,084	0,081	0,325	0,294	0,330	0,323	0,352	0,372	0,084	0,084	0,083	0,085	0,082	0,082	0,322	0,327	0,322	0,332	0,353	0,353	0,083	0,083	0,084	0,091	0,082	0,085	0,329	0,334	0,333	0,320	0,375	0,397	0,082	0,082	0,082	0,082	0,082	0,084
3:40:19	37,0	0,305	0,346	0,330	0,338	0,362	0,447	0,083	0,084	0,083	0,081	0,081	0,083	0,310	0,319	0,333	0,356	0,350	0,386	0,084	0,084	0,083	0,084	0,084	0,082	0,318	0,336	0,311	0,350	0,388	0,376	0,084	0,084	0,084	0,083	0,084	0,081	0,326	0,321	0,316	0,337	0,365	0,384	0,086	0,085	0,082	0,082	0,084	0,083	0,330	0,346	0,339	0,366	0,356	0,423	0,083	0,082	0,083	0,084	0,084	0,081	0,336	0,317	0,348	0,344	0,364	0,401	0,084	0,084	0,083	0,085	0,083	0,082	0,345	0,356	0,336	0,357	0,372	0,369	0,083	0,083	0,084	0,091	0,082	0,085	0,348	0,344	0,349	0,336	0,398	0,436	0,082	0,082	0,082	0,082	0,082	0,084
3:50:19	37,0	0,330	0,354	0,347	0,353	0,390	0,467	0,083	0,084	0,083	0,081	0,081	0,083	0,335	0,340	0,354	0,375	0,366	0,399	0,084	0,084	0,083	0,084	0,084	0,082	0,332	0,350	0,326	0,363	0,406	0,409	0,084	0,084	0,084	0,083	0,084	0,082	0,350	0,332	0,329	0,354	0,377	0,406	0,086	0,085	0,082	0,082	0,084	0,082	0,349	0,364	0,359	0,378	0,373	0,439	0,083	0,082	0,083	0,084	0,084	0,081	0,353	0,336	0,366	0,356	0,377	0,429	0,084	0,084	0,083	0,085	0,083	0,082	0,357	0,367	0,351	0,375	0,387	0,384	0,083	0,083	0,084	0,091	0,082	0,085	0,367	0,365	0,371	0,351	0,416	0,456	0,082	0,082	0,082	0,082	0,082	0,084
4:00:19	37,0	0,337	0,358	0,363	0,366	0,414	0,472	0,083	0,084	0,083	0,081	0,081	0,083	0,352	0,348	0,360	0,391	0,375	0,412	0,084	0,084	0,083	0,084	0,084	0,082	0,349	0,371	0,332	0,378	0,421	0,439	0,084	0,084	0,084	0,083	0,084	0,082	0,364	0,343	0,342	0,366	0,382	0,419	0,086	0,085	0,082	0,082	0,084	0,082	0,355	0,380	0,378	0,393	0,387	0,449	0,083	0,082	0,082	0,084	0,084	0,081	0,371	0,339	0,382	0,368	0,388	0,442	0,084	0,084	0,083	0,085	0,082	0,082	0,367	0,370	0,369	0,389	0,398	0,393	0,083	0,083	0,084	0,091	0,082	0,085	0,389	0,378	0,394	0,371	0,428	0,465	0,082	0,082	0,082	0,082	0,082	0,084
4:10:19	37,0	0,350	0,377	0,379	0,389	0,428	0,474	0,083	0,084	0,083	0,081	0,081	0,083	0,374	0,365	0,370	0,405	0,382	0,429	0,084	0,084	0,083	0,084	0,084	0,082	0,361	0,379	0,344	0,396	0,429	0,450	0,084	0,084	0,084	0,083	0,084	0,082	0,377	0,354	0,353	0,369	0,387	0,434	0,086	0,085	0,082	0,082	0,084	0,083	0,364	0,391	0,393	0,407	0,395	0,455	0,083	0,082	0,083	0,084	0,084	0,081	0,381	0,356	0,385	0,382	0,396	0,453	0,084	0,084	0,083	0,085	0,082	0,082	0,379	0,376	0,384	0,405	0,404	0,401	0,083	0,083	0,084	0,091	0,082	0,085	0,400	0,388	0,401	0,376	0,438	0,470	0,082	0,082	0,082	0,082	0,082	0,084
4:20:19	36,9	0,355	0,386	0,390	0,397	0,432	0,470	0,083	0,084	0,083	0,081	0,081	0,083	0,382	0,370	0,387	0,411	0,384	0,435	0,084	0,084	0,083	0,084	0,084	0,082	0,366	0,387	0,357	0,408	0,435	0,458	0,084	0,084	0,084	0,083	0,084	0,082	0,383	0,360	0,364	0,376	0,393	0,439	0,086	0,085	0,082	0,082	0,084	0,083	0,386	0,399	0,402	0,414	0,398	0,456	0,083	0,082	0,082	0,084	0,084	0,081	0,391	0,366	0,397	0,396	0,400	0,464	0,084	0,084	0,083	0,085	0,082	0,082	0,391	0,389	0,393	0,416	0,407	0,405	0,083	0,083	0,084	0,091	0,082	0,085	0,402	0,394	0,408	0,384	0,437	0,463	0,082	0,082	0,082	0,082	0,085	0,084
4:30:19	37,0	0,360	0,393	0,397	0,405	0,435	0,467	0,083	0,084	0,083	0,081	0,081	0,083	0,386	0,374	0,397	0,414	0,395	0,443	0,084	0,084	0,083	0,083	0,084	0,082	0,377	0,394	0,364	0,419	0,439	0,465	0,084	0,084	0,083	0,083	0,084	0,082	0,383	0,373	0,370	0,387	0,404	0,444	0,086	0,085	0,081	0,082	0,084	0,082	0,381	0,405	0,405	0,417	0,400	0,460	0,083	0,082	0,082	0,084	0,084	0,081	0,401	0,368	0,393	0,405	0,408	0,473	0,084	0,084	0,083	0,085	0,082	0,082	0,390	0,396	0,396	0,420	0,415	0,407	0,083	0,083	0,083	0,091	0,082	0,085	0,399	0,403	0,412	0,389	0,440	0,462	0,082	0,082	0,082	0,081	0,085	0,084
4:40:19	37,0	0,367	0,390	0,393	0,403	0,437	0,462	0,083	0,084	0,083	0,081	0,081	0,083	0,391	0,379	0,397	0,420	0,402	0,454	0,084	0,084	0,083	0,084	0,084	0,082	0,381	0,399	0,373	0,428	0,443	0,473	0,084	0,084	0,084	0,083	0,084	0,082	0,388	0,379	0,374	0,398	0,416	0,449	0,086	0,085	0,082	0,082	0,084	0,082	0,390	0,410	0,407	0,423	0,406	0,464	0,083	0,082	0,082	0,084	0,084	0,081	0,399	0,366	0,402	0,412	0,415	0,481	0,084	0,084	0,083	0,085	0,082	0,082	0,388	0,400	0,398	0,425	0,421	0,409	0,083	0,083	0,084	0,091	0,082	0,085	0,404	0,404	0,403	0,397	0,441	0,461	0,082	0,082	0,082	0,082	0,085	0,084
4:50:19	37,0	0,370	0,399	0,397	0,405	0,440	0,463	0,083	0,084	0,083	0,081	0,081	0,083	0,389	0,389	0,395	0,426	0,406	0,462	0,084	0,084	0,083	0,084	0,084	0,082	0,383	0,405	0,368	0,436	0,448	0,481	0,084	0,084	0,084	0,083	0,084	0,081	0,394	0,385	0,379	0,406	0,425	0,452	0,085	0,085	0,082	0,082	0,084	0,082	0,383	0,413	0,412	0,428	0,414	0,465	0,083	0,082	0,082	0,084	0,084	0,081	0,403	0,378	0,410	0,420	0,420	0,488	0,084	0,084	0,083	0,085	0,082	0,082	0,395	0,403	0,404	0,428	0,429	0,414	0,083	0,083	0,084	0,091	0,082	0,085	0,401	0,412	0,411	0,402	0,443	0,463	0,082	0,082	0,082	0,081	0,085	0,084
5:00:19	37,0	0,376	0,404	0,401	0,409	0,446	0,467	0,083	0,084	0,083	0,081	0,081	0,083	0,391	0,397	0,405	0,432	0,412	0,474	0,084	0,084	0,083	0,084	0,084	0,082	0,385	0,414	0,386	0,444	0,454	0,486	0,084	0,084	0,084	0,083	0,084	0,082	0,393	0,394	0,391	0,412	0,435	0,457	0,086	0,085	0,082	0,082	0,084	0,082	0,385	0,419	0,419	0,435	0,421	0,468	0,083	0,082	0,082	0,084	0,084	0,081	0,400	0,384	0,414	0,427	0,428	0,495	0,084	0,084	0,083	0,085	0,082	0,082	0,397	0,412	0,414	0,431	0,439	0,417	0,083	0,083	0,084	0,091	0,082	0,085	0,403	0,415	0,413	0,406	0,447	0,469	0,082	0,082	0,082	0,081	0,085	0,084
5:10:19	37,0	0,381	0,413	0,406	0,417	0,446	0,470	0,083	0,084	0,083	0,081	0,081	0,083	0,398	0,402	0,409	0,436	0,421	0,482	0,084	0,084	0,083	0,084	0,084	0,082	0,388	0,417	0,393	0,450	0,462	0,492	0,084	0,084	0,083	0,082	0,084	0,082	0,397	0,401	0,400	0,418	0,443	0,464	0,086	0,085	0,082	0,082	0,084	0,082	0,389	0,423	0,423	0,439	0,431	0,470	0,083	0,082	0,082	0,084	0,084	0,081	0,404	0,393	0,421	0,432	0,435	0,502	0,084	0,084	0,083	0,084	0,082	0,082	0,399	0,417	0,418	0,435	0,446	0,420	0,083	0,083	0,084	0,091	0,082	0,085	0,406	0,422	0,423	0,412	0,452	0,473	0,082	0,082	0,082	0,082	0,085	0,084
5:20:19	37,0	0,390	0,420	0,413	0,425	0,447	0,478	0,083	0,084	0,083	0,081	0,081	0,084	0,404	0,407	0,417	0,444	0,429	0,486	0,084	0,084	0,083	0,084	0,084	0,082	0,396	0,423	0,400	0,459	0,465	0,500	0,084	0,084	0,084	0,083	0,084	0,082	0,402	0,405	0,404	0,425	0,454	0,468	0,086	0,085	0,082	0,082	0,084	0,083	0,397	0,427	0,428	0,445	0,437	0,475	0,083	0,082	0,083	0,084	0,084	0,081	0,408	0,401	0,427	0,438	0,437	0,509	0,084	0,084	0,083	0,085	0,082	0,082	0,405	0,423	0,423	0,440	0,455	0,425	0,083	0,083	0,084	0,091	0,082	0,085	0,413	0,430	0,430	0,416	0,459	0,475	0,082	0,082	0,082	0,082	0,085	0,084
5:30:19	37,0	0,396	0,426	0,421	0,428	0,448	0,478	0,083	0,084	0,083	0,081	0,081	0,083	0,406	0,411	0,419	0,451	0,436	0,488	0,084	0,084	0,083	0,084	0,084	0,082	0,402	0,427	0,406	0,463	0,464	0,508	0,084	0,084	0,084	0,083	0,084	0,082	0,407	0,410	0,411	0,431	0,464	0,475	0,086	0,085	0,082	0,082	0,084	0,083	0,402	0,431	0,433	0,451	0,444	0,480	0,083	0,082	0,083	0,084	0,084	0,081	0,413	0,407	0,434	0,446	0,442	0,519	0,084	0,084	0,083	0,085	0,083	0,082	0,407	0,426	0,427	0,445	0,462	0,429	0,083	0,083	0,084	0,091	0,082	0,085	0,422	0,436	0,436	0,425	0,466	0,477	0,082	0,083	0,082	0,082	0,085	0,084
5:40:19	37,0	0,401	0,429	0,424	0,434	0,450	0,484	0,083	0,084	0,083	0,081	0,081	0,083	0,408	0,416	0,424	0,458	0,444	0,493	0,084	0,084	0,083	0,084	0,084	0,082	0,408	0,433	0,412	0,470	0,466	0,514	0,084	0,084	0,083	0,083	0,084	0,082	0,411	0,415	0,415	0,437	0,474	0,482	0,086	0,085	0,082	0,082	0,084	0,083	0,407	0,435	0,438	0,460	0,453	0,484	0,083	0,082	0,082	0,084	0,084	0,081	0,416	0,412	0,439	0,451	0,451	0,525	0,084	0,084	0,083	0,085	0,082	0,082	0,414	0,431	0,432	0,450	0,468	0,435	0,083	0,083	0,084	0,091	0,082	0,085	0,425	0,441	0,441	0,439	0,474	0,482	0,082	0,082	0,082	0,082	0,085	0,084
5:50:19	37,0	0,403	0,433	0,428	0,436	0,455	0,490	0,083	0,084	0,083	0,081	0,081	0,083	0,406	0,421	0,433	0,465	0,449	0,499	0,084	0,084	0,083	0,084	0,084	0,082	0,409	0,437	0,419	0,477	0,467	0,519	0,084	0,084	0,084	0,083	0,084	0,082	0,412	0,421	0,423	0,443	0,485	0,488	0,086	0,085	0,082	0,082	0,084	0,083	0,411	0,442	0,443	0,462	0,462	0,492	0,083	0,082	0,082	0,084	0,084	0,081	0,420	0,419	0,444	0,457	0,459	0,533	0,084	0,084	0,083	0,085	0,082	0,082	0,417	0,436	0,436	0,454	0,481	0,440	0,083	0,083	0,084	0,091	0,082	0,085	0,430	0,448	0,444	0,450	0,481	0,488	0,082	0,082	0,082	0,082	0,085	0,084
6:00:19	37,0	0,407	0,439	0,432	0,441	0,460	0,497	0,083	0,084	0,083	0,081	0,081	0,083	0,409	0,426	0,435	0,473	0,461	0,506	0,084	0,084	0,083	0,084	0,084	0,082	0,411	0,442	0,424	0,481	0,471	0,526	0,084	0,084	0,084	0,083	0,084	0,081	0,414	0,427	0,427	0,451	0,494	0,498	0,086	0,085	0,082	0,082	0,084	0,083	0,414	0,444	0,445	0,469	0,471	0,500	0,083	0,082	0,082	0,084	0,084	0,081	0,424	0,425	0,449	0,465	0,470	0,542	0,084	0,084	0,083	0,085	0,083	0,082	0,421	0,443	0,443	0,461	0,490	0,444	0,083	0,083	0,083	0,091	0,082	0,085	0,430	0,452	0,447	0,462	0,489	0,490	0,082	0,082	0,082	0,082	0,085	0,084
6:10:19	37,0	0,412	0,444	0,441	0,450	0,467	0,506	0,083	0,084	0,083	0,081	0,081	0,083	0,414	0,432	0,440	0,479	0,471	0,514	0,084	0,084	0,083	0,084	0,084	0,082	0,414	0,447	0,431	0,489	0,474	0,533	0,083	0,084	0,084	0,083	0,084	0,081	0,417	0,433	0,432	0,459	0,504	0,507	0,086	0,085	0,082	0,082	0,084	0,082	0,417	0,449	0,451	0,476	0,479	0,507	0,083	0,082	0,082	0,084	0,084	0,081	0,429	0,430	0,455	0,474	0,477	0,548	0,084	0,084	0,083	0,085	0,082	0,082	0,425	0,449	0,447	0,468	0,500	0,451	0,083	0,083	0,084	0,091	0,082	0,085	0,436	0,461	0,454	0,475	0,496	0,495	0,082	0,082	0,082	0,082	0,085	0,084
6:20:19	37,0	0,418	0,450	0,445	0,457	0,473	0,515	0,083	0,084	0,083	0,081	0,081	0,083	0,419	0,438	0,446	0,490	0,480	0,522	0,084	0,084	0,083	0,084	0,084	0,082	0,418	0,454	0,438	0,498	0,481	0,539	0,084	0,084	0,084	0,083	0,084	0,081	0,421	0,439	0,439	0,465	0,511	0,514	0,086	0,085	0,082	0,082	0,084	0,083	0,422	0,456	0,457	0,484	0,489	0,514	0,083	0,082	0,083	0,084	0,084	0,081	0,432	0,438	0,461	0,480	0,486	0,557	0,084	0,084	0,083	0,085	0,082	0,082	0,430	0,455	0,454	0,475	0,509	0,458	0,083	0,083	0,084	0,091	0,082	0,085	0,447	0,464	0,460	0,484	0,506	0,504	0,082	0,082	0,082	0,082	0,085	0,084
6:30:19	37,0	0,421	0,460	0,452	0,461	0,477	0,517	0,083	0,084	0,083	0,081	0,081	0,083	0,422	0,446	0,451	0,497	0,489	0,527	0,084	0,084	0,083	0,084	0,084	0,082	0,421	0,463	0,447	0,509	0,487	0,545	0,084	0,084	0,083	0,083	0,084	0,081	0,423	0,448	0,445	0,473	0,520	0,520	0,086	0,085	0,082	0,082	0,084	0,083	0,426	0,462	0,464	0,492	0,496	0,520	0,083	0,082	0,082	0,084	0,084	0,081	0,436	0,446	0,466	0,490	0,500	0,564	0,084	0,084	0,083	0,085	0,082	0,082	0,432	0,463	0,461	0,481	0,520	0,462	0,083	0,083	0,084	0,091	0,082	0,085	0,451	0,471	0,467	0,493	0,507	0,506	0,082	0,082	0,082	0,082	0,085	0,084
6:40:19	37,0	0,428	0,469	0,460	0,465	0,485	0,520	0,083	0,084	0,083	0,081	0,081	0,083	0,428	0,459	0,464	0,503	0,498	0,534	0,084	0,084	0,083	0,084	0,084	0,082	0,426	0,472	0,456	0,517	0,498	0,548	0,084	0,084	0,083	0,083	0,084	0,081	0,429	0,459	0,455	0,480	0,528	0,528	0,085	0,085	0,081	0,082	0,084	0,083	0,432	0,471	0,472	0,500	0,504	0,526	0,083	0,082	0,082	0,084	0,084	0,081	0,440	0,459	0,475	0,497	0,505	0,568	0,084	0,084	0,083	0,084	0,082	0,082	0,436	0,472	0,469	0,485	0,531	0,470	0,083	0,083	0,084	0,091	0,082	0,085	0,455	0,480	0,475	0,506	0,516	0,514	0,082	0,082	0,082	0,082	0,085	0,084
6:50:19	37,0	0,434	0,480	0,477	0,472	0,490	0,530	0,083	0,084	0,083	0,081	0,081	0,083	0,435	0,469	0,477	0,510	0,508	0,544	0,084	0,084	0,083	0,084	0,084	0,082	0,434	0,482	0,469	0,522	0,505	0,552	0,084	0,084	0,083	0,083	0,084	0,081	0,436	0,471	0,464	0,488	0,534	0,534	0,085	0,085	0,082	0,082	0,084	0,083	0,437	0,482	0,483	0,511	0,509	0,531	0,083	0,082	0,082	0,084	0,084	0,081	0,446	0,470	0,478	0,505	0,516	0,576	0,084	0,084	0,083	0,085	0,082	0,082	0,441	0,482	0,482	0,493	0,542	0,476	0,083	0,083	0,083	0,091	0,082	0,085	0,463	0,491	0,487	0,517	0,520	0,519	0,082	0,082	0,082	0,082	0,085	0,084
7:00:19	37,0	0,440	0,495	0,491	0,487	0,499	0,539	0,083	0,084	0,083	0,081	0,081	0,083	0,440	0,481	0,485	0,518	0,516	0,555	0,084	0,084	0,083	0,084	0,084	0,082	0,439	0,493	0,480	0,529	0,515	0,562	0,084	0,084	0,084	0,083	0,084	0,081	0,441	0,483	0,478	0,495	0,541	0,541	0,086	0,085	0,082	0,082	0,084	0,083	0,443	0,494	0,493	0,521	0,518	0,540	0,083	0,082	0,082	0,084	0,084	0,081	0,455	0,484	0,484	0,516	0,524	0,585	0,084	0,084	0,083	0,085	0,082	0,082	0,446	0,500	0,493	0,501	0,553	0,484	0,083	0,083	0,084	0,091	0,082	0,085	0,466	0,503	0,499	0,526	0,524	0,523	0,082	0,082	0,082	0,082	0,085	0,084
7:10:19	37,0	0,449	0,510	0,506	0,504	0,510	0,548	0,083	0,084	0,083	0,081	0,081	0,083	0,447	0,495	0,496	0,527	0,526	0,560	0,084	0,084	0,083	0,084	0,084	0,082	0,446	0,500	0,491	0,535	0,522	0,568	0,084	0,084	0,084	0,083	0,084	0,081	0,447	0,500	0,491	0,500	0,547	0,549	0,086	0,085	0,082	0,082	0,084	0,082	0,450	0,508	0,510	0,524	0,523	0,547	0,083	0,082	0,082	0,084	0,084	0,081	0,461	0,500	0,496	0,523	0,534	0,595	0,084	0,084	0,083	0,085	0,082	0,082	0,451	0,511	0,505	0,507	0,561	0,492	0,083	0,083	0,084	0,091	0,082	0,085	0,474	0,521	0,513	0,537	0,532	0,534	0,082	0,082	0,082	0,081	0,085	0,084
7:20:19	37,0	0,455	0,522	0,522	0,514	0,515	0,557	0,083	0,084	0,083	0,081	0,081	0,083	0,455	0,515	0,514	0,535	0,534	0,567	0,084	0,084	0,083	0,084	0,084	0,082	0,454	0,517	0,507	0,543	0,524	0,574	0,084	0,084	0,083	0,083	0,084	0,081	0,456	0,517	0,504	0,505	0,554	0,559	0,086	0,085	0,082	0,082	0,084	0,082	0,459	0,522	0,526	0,532	0,529	0,554	0,083	0,082	0,082	0,084	0,084	0,081	0,471	0,512	0,507	0,530	0,540	0,596	0,084	0,084	0,083	0,085	0,083	0,082	0,458	0,524	0,515	0,513	0,569	0,499	0,083	0,083	0,084	0,091	0,082	0,085	0,482	0,539	0,528	0,546	0,536	0,540	0,082	0,082	0,082	0,081	0,085	0,084
7:30:19	37,0	0,466	0,535	0,538	0,526	0,528	0,564	0,083	0,084	0,083	0,081	0,081	0,083	0,464	0,529	0,522	0,541	0,539	0,574	0,084	0,084	0,083	0,084	0,084	0,082	0,464	0,528	0,519	0,548	0,529	0,581	0,084	0,084	0,084	0,083	0,084	0,081	0,467	0,531	0,518	0,511	0,561	0,562	0,086	0,085	0,082	0,082	0,084	0,082	0,469	0,535	0,538	0,538	0,536	0,561	0,083	0,082	0,082	0,084	0,084	0,081	0,483	0,525	0,522	0,535	0,551	0,609	0,084	0,084	0,083	0,085	0,083	0,082	0,466	0,537	0,531	0,519	0,580	0,508	0,083	0,083	0,083	0,091	0,082	0,085	0,495	0,558	0,544	0,556	0,541	0,543	0,082	0,082	0,082	0,081	0,085	0,084
7:40:19	37,0	0,478	0,549	0,548	0,537	0,534	0,573	0,083	0,084	0,083	0,081	0,081	0,083	0,476	0,541	0,537	0,553	0,547	0,579	0,084	0,084	0,083	0,084	0,084	0,082	0,476	0,544	0,531	0,555	0,537	0,588	0,084	0,084	0,084	0,083	0,084	0,081	0,478	0,550	0,533	0,517	0,569	0,571	0,086	0,085	0,082	0,082	0,084	0,083	0,480	0,551	0,547	0,545	0,543	0,570	0,083	0,082	0,082	0,084	0,084	0,081	0,495	0,541	0,538	0,539	0,557	0,616	0,084	0,084	0,083	0,085	0,082	0,082	0,477	0,550	0,546	0,525	0,585	0,517	0,083	0,083	0,084	0,091	0,082	0,085	0,507	0,574	0,559	0,567	0,547	0,553	0,082	0,082	0,082	0,081	0,085	0,084
7:50:19	37,0	0,495	0,566	0,562	0,552	0,544	0,579	0,083	0,084	0,083	0,081	0,081	0,083	0,489	0,554	0,550	0,559	0,550	0,584	0,084	0,084	0,083	0,084	0,084	0,082	0,490	0,564	0,542	0,561	0,549	0,594	0,084	0,084	0,084	0,083	0,084	0,081	0,495	0,563	0,544	0,522	0,575	0,581	0,086	0,085	0,082	0,082	0,084	0,083	0,493	0,565	0,558	0,556	0,551	0,580	0,083	0,082	0,082	0,084	0,084	0,081	0,516	0,556	0,548	0,546	0,565	0,626	0,084	0,084	0,083	0,085	0,083	0,082	0,486	0,563	0,557	0,534	0,593	0,524	0,083	0,083	0,084	0,091	0,082	0,085	0,525	0,585	0,573	0,575	0,556	0,561	0,082	0,082	0,082	0,082	0,085	0,084
8:00:19	37,0	0,517	0,581	0,577	0,562	0,558	0,584	0,083	0,084	0,083	0,081	0,081	0,083	0,503	0,563	0,564	0,562	0,555	0,592	0,084	0,084	0,083	0,084	0,084	0,082	0,506	0,576	0,556	0,568	0,555	0,602	0,084	0,084	0,084	0,083	0,084	0,081	0,511	0,574	0,553	0,527	0,581	0,589	0,086	0,085	0,082	0,082	0,084	0,083	0,507	0,578	0,571	0,562	0,558	0,590	0,083	0,082	0,083	0,084	0,084	0,081	0,530	0,569	0,560	0,553	0,573	0,640	0,084	0,084	0,083	0,085	0,083	0,082	0,496	0,576	0,570	0,542	0,599	0,531	0,083	0,083	0,084	0,091	0,082	0,085	0,540	0,601	0,588	0,585	0,560	0,570	0,082	0,083	0,082	0,082	0,086	0,084
8:10:19	37,0	0,530	0,594	0,589	0,570	0,568	0,591	0,083	0,084	0,083	0,081	0,081	0,083	0,518	0,577	0,574	0,574	0,563	0,601	0,084	0,084	0,083	0,084	0,084	0,082	0,522	0,589	0,567	0,577	0,559	0,609	0,084	0,084	0,084	0,083	0,084	0,081	0,522	0,586	0,564	0,536	0,588	0,593	0,086	0,085	0,082	0,082	0,084	0,083	0,522	0,590	0,580	0,568	0,563	0,605	0,083	0,082	0,082	0,084	0,084	0,081	0,547	0,580	0,574	0,560	0,581	0,653	0,084	0,084	0,083	0,085	0,082	0,082	0,513	0,591	0,579	0,550	0,609	0,537	0,083	0,083	0,084	0,091	0,082	0,085	0,558	0,615	0,604	0,593	0,569	0,582	0,082	0,082	0,082	0,082	0,085	0,084
8:20:19	37,0	0,547	0,609	0,608	0,578	0,577	0,601	0,083	0,084	0,083	0,081	0,081	0,083	0,531	0,590	0,586	0,580	0,571	0,610	0,084	0,084	0,083	0,084	0,084	0,082	0,532	0,604	0,577	0,585	0,566	0,619	0,084	0,084	0,083	0,083	0,084	0,081	0,534	0,599	0,573	0,540	0,595	0,601	0,086	0,085	0,082	0,082	0,084	0,082	0,536	0,602	0,590	0,577	0,569	0,621	0,083	0,082	0,082	0,084	0,084	0,081	0,561	0,598	0,583	0,569	0,588	0,664	0,084	0,084	0,083	0,085	0,083	0,082	0,527	0,603	0,593	0,558	0,620	0,543	0,083	0,083	0,084	0,091	0,082	0,085	0,574	0,628	0,619	0,604	0,578	0,594	0,082	0,082	0,082	0,082	0,085	0,084
8:30:19	37,0	0,560	0,622	0,612	0,588	0,585	0,605	0,083	0,084	0,082	0,081	0,081	0,083	0,544	0,599	0,597	0,587	0,577	0,620	0,084	0,084	0,083	0,084	0,084	0,082	0,542	0,614	0,587	0,591	0,576	0,627	0,084	0,084	0,083	0,083	0,084	0,081	0,552	0,610	0,587	0,549	0,600	0,610	0,086	0,085	0,081	0,082	0,084	0,082	0,549	0,613	0,602	0,584	0,576	0,630	0,083	0,082	0,082	0,084	0,084	0,081	0,575	0,607	0,594	0,580	0,599	0,678	0,084	0,083	0,083	0,085	0,082	0,082	0,540	0,617	0,610	0,568	0,627	0,553	0,083	0,083	0,083	0,091	0,082	0,085	0,585	0,643	0,628	0,612	0,588	0,606	0,082	0,082	0,082	0,081	0,085	0,084
8:40:19	37,0	0,575	0,633	0,629	0,599	0,596	0,618	0,083	0,084	0,083	0,081	0,081	0,083	0,555	0,613	0,606	0,599	0,587	0,631	0,084	0,084	0,083	0,084	0,084	0,082	0,555	0,625	0,601	0,602	0,585	0,637	0,084	0,084	0,084	0,083	0,084	0,081	0,563	0,624	0,599	0,558	0,607	0,618	0,086	0,085	0,082	0,082	0,084	0,083	0,561	0,620	0,614	0,597	0,587	0,640	0,083	0,082	0,082	0,084	0,084	0,081	0,589	0,622	0,603	0,590	0,610	0,691	0,084	0,084	0,083	0,085	0,082	0,082	0,554	0,627	0,623	0,580	0,638	0,564	0,083	0,083	0,084	0,091	0,082	0,085	0,600	0,664	0,641	0,622	0,597	0,617	0,082	0,082	0,082	0,082	0,085	0,084
8:50:19	37,0	0,587	0,647	0,644	0,606	0,607	0,632	0,083	0,084	0,083	0,081	0,081	0,083	0,568	0,625	0,616	0,606	0,595	0,641	0,084	0,084	0,083	0,084	0,084	0,082	0,567	0,639	0,613	0,610	0,595	0,645	0,084	0,084	0,084	0,083	0,084	0,081	0,577	0,634	0,612	0,567	0,613	0,629	0,086	0,085	0,082	0,082	0,084	0,083	0,572	0,632	0,626	0,605	0,595	0,653	0,083	0,082	0,083	0,084	0,084	0,081	0,601	0,636	0,613	0,601	0,617	0,701	0,084	0,084	0,083	0,085	0,082	0,082	0,564	0,648	0,627	0,596	0,648	0,577	0,083	0,083	0,084	0,091	0,082	0,085	0,617	0,681	0,663	0,634	0,606	0,636	0,082	0,082	0,082	0,082	0,085	0,084
9:00:19	37,0	0,601	0,661	0,654	0,615	0,617	0,644	0,083	0,084	0,083	0,081	0,081	0,083	0,579	0,639	0,626	0,615	0,606	0,652	0,084	0,084	0,083	0,084	0,084	0,082	0,580	0,649	0,623	0,618	0,604	0,656	0,084	0,084	0,084	0,083	0,084	0,081	0,587	0,645	0,625	0,572	0,618	0,638	0,086	0,085	0,082	0,082	0,084	0,083	0,581	0,645	0,637	0,614	0,603	0,662	0,083	0,082	0,082	0,084	0,084	0,081	0,611	0,647	0,624	0,613	0,624	0,710	0,084	0,084	0,083	0,085	0,083	0,082	0,575	0,663	0,645	0,604	0,656	0,591	0,083	0,083	0,084	0,091	0,082	0,085	0,633	0,695	0,680	0,641	0,613	0,655	0,082	0,082	0,082	0,082	0,086	0,085
9:10:19	37,0	0,613	0,675	0,667	0,624	0,628	0,655	0,083	0,084	0,082	0,081	0,081	0,083	0,591	0,646	0,636	0,626	0,615	0,665	0,084	0,084	0,083	0,084	0,084	0,082	0,591	0,665	0,629	0,627	0,616	0,668	0,084	0,084	0,084	0,083	0,084	0,081	0,596	0,656	0,639	0,580	0,630	0,649	0,086	0,085	0,082	0,082	0,084	0,083	0,589	0,657	0,646	0,624	0,616	0,671	0,083	0,082	0,082	0,084	0,084	0,081	0,619	0,660	0,635	0,622	0,635	0,722	0,084	0,084	0,083	0,085	0,083	0,082	0,584	0,675	0,655	0,613	0,668	0,606	0,083	0,083	0,084	0,091	0,082	0,085	0,645	0,715	0,698	0,651	0,624	0,673	0,082	0,082	0,082	0,082	0,085	0,084
9:20:19	37,0	0,626	0,684	0,678	0,631	0,637	0,667	0,083	0,084	0,083	0,081	0,081	0,083	0,606	0,656	0,647	0,634	0,619	0,677	0,084	0,084	0,083	0,084	0,084	0,082	0,601	0,675	0,640	0,634	0,626	0,683	0,084	0,084	0,084	0,083	0,084	0,081	0,607	0,662	0,652	0,587	0,643	0,664	0,086	0,085	0,082	0,082	0,084	0,083	0,600	0,672	0,657	0,630	0,627	0,681	0,083	0,082	0,082	0,084	0,084	0,081	0,631	0,670	0,648	0,631	0,646	0,728	0,084	0,084	0,083	0,085	0,082	0,082	0,596	0,687	0,670	0,619	0,677	0,620	0,083	0,083	0,084	0,091	0,082	0,085	0,656	0,726	0,709	0,660	0,633	0,687	0,082	0,082	0,082	0,082	0,085	0,084
9:30:19	37,0	0,637	0,693	0,690	0,640	0,646	0,678	0,083	0,084	0,083	0,081	0,081	0,083	0,613	0,664	0,660	0,639	0,625	0,684	0,084	0,084	0,083	0,084	0,084	0,082	0,614	0,685	0,649	0,643	0,637	0,690	0,084	0,084	0,084	0,083	0,084	0,081	0,616	0,671	0,661	0,595	0,652	0,675	0,086	0,085	0,082	0,082	0,084	0,083	0,612	0,682	0,669	0,637	0,638	0,688	0,083	0,082	0,083	0,084	0,084	0,081	0,641	0,684	0,658	0,637	0,656	0,736	0,084	0,084	0,083	0,085	0,083	0,082	0,611	0,699	0,681	0,633	0,691	0,631	0,083	0,083	0,084	0,091	0,082	0,085	0,667	0,736	0,717	0,670	0,646	0,698	0,082	0,083	0,082	0,082	0,085	0,085
9:40:19	37,0	0,651	0,706	0,705	0,650	0,658	0,688	0,083	0,084	0,083	0,081	0,081	0,083	0,625	0,674	0,671	0,648	0,633	0,692	0,084	0,084	0,083	0,084	0,084	0,082	0,626	0,692	0,659	0,651	0,652	0,699	0,084	0,084	0,084	0,083	0,084	0,081	0,630	0,683	0,674	0,604	0,663	0,686	0,086	0,085	0,082	0,082	0,084	0,083	0,622	0,691	0,684	0,647	0,647	0,698	0,083	0,082	0,082	0,084	0,084	0,081	0,652	0,698	0,668	0,642	0,667	0,745	0,084	0,084	0,083	0,085	0,083	0,082	0,617	0,716	0,693	0,640	0,701	0,641	0,083	0,083	0,084	0,090	0,082	0,085	0,679	0,752	0,737	0,677	0,660	0,714	0,082	0,083	0,082	0,082	0,085	0,085
9:50:19	37,0	0,667	0,715	0,712	0,658	0,666	0,700	0,083	0,084	0,083	0,081	0,081	0,083	0,634	0,683	0,681	0,655	0,643	0,702	0,084	0,084	0,083	0,084	0,084	0,082	0,637	0,703	0,672	0,656	0,660	0,707	0,084	0,084	0,084	0,083	0,084	0,081	0,641	0,696	0,686	0,613	0,666	0,695	0,086	0,085	0,082	0,082	0,084	0,083	0,635	0,702	0,683	0,651	0,654	0,708	0,083	0,082	0,083	0,084	0,084	0,081	0,668	0,705	0,679	0,651	0,672	0,752	0,084	0,084	0,083	0,085	0,082	0,082	0,625	0,726	0,702	0,644	0,709	0,650	0,083	0,083	0,084	0,090	0,082	0,085	0,695	0,767	0,748	0,685	0,669	0,726	0,082	0,082	0,082	0,082	0,085	0,084
10:00:19	37,0	0,677	0,727	0,718	0,667	0,675	0,711	0,083	0,084	0,083	0,081	0,081	0,083	0,646	0,693	0,689	0,661	0,650	0,710	0,084	0,084	0,083	0,084	0,084	0,082	0,645	0,711	0,681	0,663	0,667	0,715	0,084	0,084	0,084	0,083	0,084	0,081	0,648	0,699	0,699	0,622	0,672	0,702	0,086	0,085	0,082	0,082	0,084	0,083	0,642	0,708	0,692	0,662	0,662	0,717	0,083	0,082	0,082	0,084	0,084	0,081	0,677	0,719	0,688	0,660	0,682	0,762	0,084	0,084	0,083	0,085	0,082	0,082	0,633	0,744	0,709	0,655	0,718	0,661	0,083	0,083	0,084	0,090	0,082	0,085	0,709	0,781	0,759	0,695	0,679	0,737	0,082	0,082	0,082	0,082	0,085	0,084
10:10:19	37,0	0,687	0,732	0,735	0,674	0,684	0,720	0,083	0,084	0,083	0,081	0,081	0,083	0,654	0,703	0,696	0,666	0,658	0,718	0,084	0,084	0,083	0,084	0,084	0,082	0,658	0,713	0,689	0,670	0,670	0,724	0,084	0,084	0,084	0,083	0,084	0,081	0,657	0,705	0,704	0,625	0,680	0,709	0,086	0,085	0,082	0,082	0,084	0,082	0,651	0,721	0,703	0,669	0,670	0,725	0,083	0,082	0,082	0,084	0,084	0,081	0,688	0,723	0,698	0,667	0,688	0,769	0,084	0,084	0,083	0,085	0,082	0,082	0,646	0,743	0,718	0,660	0,727	0,670	0,083	0,083	0,084	0,090	0,082	0,085	0,719	0,789	0,768	0,703	0,687	0,744	0,082	0,082	0,082	0,081	0,085	0,084
10:20:19	37,0	0,698	0,744	0,742	0,681	0,694	0,731	0,083	0,084	0,083	0,081	0,081	0,083	0,665	0,709	0,703	0,674	0,665	0,724	0,084	0,084	0,083	0,084	0,084	0,082	0,670	0,725	0,700	0,678	0,678	0,731	0,083	0,083	0,083	0,083	0,084	0,081	0,667	0,712	0,708	0,631	0,688	0,717	0,085	0,085	0,081	0,082	0,084	0,082	0,660	0,726	0,711	0,678	0,676	0,730	0,083	0,082	0,082	0,083	0,084	0,081	0,695	0,734	0,705	0,672	0,694	0,775	0,083	0,083	0,083	0,085	0,082	0,082	0,655	0,749	0,731	0,667	0,733	0,679	0,083	0,083	0,083	0,090	0,082	0,085	0,734	0,800	0,782	0,710	0,695	0,755	0,082	0,082	0,082	0,081	0,085	0,084
10:30:19	37,0	0,708	0,752	0,751	0,693	0,701	0,739	0,083	0,084	0,083	0,081	0,081	0,083	0,677	0,719	0,707	0,682	0,671	0,732	0,084	0,084	0,083	0,084	0,084	0,082	0,679	0,724	0,709	0,688	0,685	0,739	0,084	0,084	0,083	0,083	0,084	0,081	0,677	0,718	0,717	0,636	0,693	0,725	0,086	0,085	0,082	0,082	0,084	0,083	0,670	0,736	0,721	0,685	0,681	0,737	0,083	0,082	0,082	0,084	0,084	0,081	0,702	0,743	0,710	0,681	0,702	0,782	0,084	0,083	0,083	0,085	0,082	0,082	0,667	0,757	0,737	0,675	0,741	0,687	0,083	0,083	0,084	0,090	0,082	0,085	0,745	0,810	0,792	0,717	0,702	0,763	0,082	0,082	0,082	0,082	0,085	0,084
10:40:19	37,0	0,718	0,764	0,759	0,699	0,708	0,750	0,083	0,084	0,083	0,081	0,081	0,083	0,686	0,726	0,716	0,686	0,678	0,739	0,084	0,084	0,083	0,084	0,084	0,082	0,687	0,736	0,714	0,692	0,692	0,747	0,084	0,084	0,084	0,083	0,084	0,081	0,689	0,725	0,721	0,639	0,695	0,732	0,086	0,085	0,082	0,082	0,084	0,083	0,678	0,739	0,725	0,690	0,686	0,743	0,083	0,082	0,082	0,084	0,084	0,081	0,713	0,749	0,716	0,683	0,709	0,791	0,084	0,084	0,083	0,085	0,083	0,082	0,675	0,763	0,745	0,682	0,748	0,694	0,083	0,083	0,084	0,090	0,082	0,085	0,755	0,814	0,804	0,725	0,709	0,771	0,082	0,082	0,082	0,082	0,085	0,084
10:50:19	37,0	0,730	0,773	0,770	0,705	0,715	0,759	0,083	0,084	0,083	0,081	0,081	0,083	0,697	0,732	0,727	0,693	0,685	0,748	0,084	0,084	0,083	0,084	0,084	0,082	0,697	0,738	0,720	0,696	0,698	0,755	0,084	0,084	0,084	0,083	0,084	0,081	0,698	0,728	0,729	0,644	0,702	0,739	0,086	0,085	0,082	0,082	0,084	0,083	0,689	0,745	0,733	0,696	0,692	0,752	0,083	0,082	0,083	0,084	0,084	0,081	0,721	0,760	0,727	0,692	0,716	0,799	0,084	0,084	0,083	0,086	0,083	0,082	0,686	0,771	0,752	0,686	0,755	0,703	0,083	0,083	0,084	0,090	0,082	0,085	0,769	0,825	0,817	0,733	0,717	0,782	0,082	0,083	0,082	0,082	0,085	0,084
11:00:19	37,0	0,740	0,783	0,782	0,713	0,721	0,765	0,083	0,084	0,083	0,081	0,081	0,083	0,709	0,739	0,735	0,701	0,690	0,753	0,084	0,084	0,083	0,084	0,084	0,082	0,706	0,745	0,731	0,701	0,704	0,763	0,084	0,084	0,084	0,083	0,084	0,081	0,707	0,731	0,740	0,651	0,708	0,746	0,086	0,085	0,082	0,082	0,084	0,082	0,693	0,752	0,744	0,703	0,700	0,759	0,083	0,082	0,082	0,084	0,084	0,081	0,732	0,766	0,734	0,698	0,722	0,807	0,084	0,084	0,083	0,086	0,082	0,082	0,700	0,779	0,761	0,693	0,761	0,710	0,083	0,083	0,084	0,090	0,082	0,085	0,780	0,833	0,827	0,742	0,724	0,790	0,082	0,082	0,082	0,082	0,085	0,084
11:10:19	37,0	0,750	0,791	0,788	0,720	0,727	0,770	0,083	0,084	0,083	0,081	0,081	0,083	0,719	0,749	0,746	0,703	0,696	0,762	0,084	0,084	0,083	0,084	0,084	0,082	0,715	0,753	0,742	0,705	0,710	0,770	0,084	0,084	0,084	0,083	0,084	0,081	0,714	0,740	0,745	0,656	0,714	0,753	0,086	0,085	0,082	0,082	0,084	0,083	0,707	0,756	0,746	0,707	0,703	0,765	0,083	0,082	0,082	0,084	0,084	0,081	0,743	0,774	0,742	0,705	0,728	0,813	0,084	0,084	0,083	0,086	0,082	0,082	0,712	0,787	0,768	0,699	0,767	0,717	0,083	0,083	0,084	0,090	0,082	0,085	0,788	0,842	0,832	0,746	0,730	0,795	0,082	0,082	0,082	0,082	0,085	0,084
11:20:19	37,0	0,760	0,802	0,795	0,727	0,734	0,778	0,083	0,084	0,083	0,081	0,081	0,083	0,731	0,755	0,753	0,710	0,705	0,768	0,084	0,084	0,083	0,084	0,084	0,082	0,726	0,758	0,751	0,709	0,718	0,780	0,084	0,084	0,084	0,083	0,084	0,081	0,725	0,749	0,752	0,658	0,721	0,760	0,086	0,085	0,082	0,083	0,084	0,082	0,718	0,765	0,754	0,713	0,711	0,774	0,083	0,082	0,082	0,084	0,084	0,081	0,756	0,779	0,747	0,710	0,732	0,819	0,084	0,084	0,083	0,086	0,082	0,082	0,723	0,794	0,773	0,705	0,774	0,726	0,083	0,083	0,084	0,090	0,082	0,085	0,796	0,851	0,841	0,754	0,737	0,803	0,082	0,082	0,082	0,081	0,085	0,084
11:30:19	37,0	0,768	0,809	0,800	0,734	0,740	0,787	0,083	0,084	0,083	0,081	0,081	0,083	0,740	0,761	0,757	0,713	0,710	0,776	0,084	0,084	0,083	0,084	0,084	0,082	0,735	0,765	0,757	0,715	0,722	0,786	0,084	0,084	0,084	0,083	0,084	0,081	0,734	0,755	0,761	0,661	0,724	0,767	0,086	0,085	0,082	0,083	0,084	0,082	0,729	0,774	0,760	0,715	0,718	0,780	0,083	0,082	0,082	0,084	0,084	0,081	0,763	0,786	0,754	0,716	0,738	0,828	0,084	0,084	0,083	0,086	0,082	0,082	0,731	0,802	0,778	0,712	0,778	0,735	0,083	0,083	0,084	0,090	0,082	0,085	0,806	0,856	0,850	0,761	0,742	0,809	0,082	0,082	0,082	0,082	0,085	0,084
11:40:19	37,0	0,775	0,815	0,807	0,741	0,745	0,791	0,083	0,084	0,083	0,081	0,081	0,083	0,744	0,772	0,761	0,717	0,715	0,783	0,084	0,084	0,083	0,084	0,084	0,082	0,744	0,772	0,762	0,721	0,728	0,793	0,084	0,084	0,084	0,083	0,084	0,081	0,744	0,761	0,765	0,669	0,729	0,774	0,086	0,085	0,082	0,083	0,084	0,083	0,735	0,783	0,767	0,722	0,722	0,788	0,083	0,082	0,082	0,084	0,084	0,081	0,773	0,796	0,762	0,720	0,743	0,835	0,084	0,084	0,083	0,086	0,082	0,082	0,741	0,806	0,782	0,715	0,784	0,742	0,083	0,083	0,084	0,090	0,082	0,085	0,814	0,864	0,857	0,768	0,748	0,816	0,082	0,082	0,082	0,082	0,085	0,084
11:50:19	37,0	0,783	0,822	0,814	0,747	0,750	0,797	0,083	0,084	0,083	0,081	0,081	0,083	0,750	0,777	0,767	0,719	0,718	0,788	0,084	0,084	0,083	0,084	0,084	0,082	0,754	0,779	0,768	0,726	0,733	0,800	0,084	0,084	0,084	0,083	0,084	0,081	0,750	0,769	0,771	0,673	0,734	0,780	0,086	0,085	0,082	0,083	0,084	0,083	0,744	0,784	0,771	0,726	0,726	0,793	0,083	0,082	0,082	0,084	0,084	0,081	0,778	0,800	0,766	0,721	0,747	0,840	0,084	0,084	0,083	0,086	0,082	0,082	0,746	0,811	0,786	0,722	0,790	0,747	0,083	0,083	0,084	0,090	0,082	0,085	0,821	0,869	0,862	0,770	0,755	0,822	0,082	0,082	0,082	0,082	0,085	0,084
12:00:19	37,0	0,788	0,829	0,820	0,752	0,755	0,809	0,083	0,084	0,083	0,081	0,081	0,083	0,757	0,782	0,773	0,724	0,722	0,797	0,084	0,084	0,083	0,084	0,084	0,082	0,761	0,784	0,774	0,727	0,738	0,807	0,084	0,084	0,084	0,083	0,084	0,081	0,757	0,774	0,774	0,681	0,741	0,787	0,086	0,085	0,082	0,083	0,084	0,083	0,751	0,789	0,776	0,731	0,731	0,798	0,083	0,082	0,082	0,084	0,084	0,081	0,785	0,804	0,772	0,727	0,753	0,844	0,084	0,084	0,083	0,086	0,082	0,082	0,753	0,816	0,790	0,726	0,796	0,755	0,083	0,083	0,084	0,090	0,082	0,085	0,829	0,876	0,870	0,777	0,761	0,829	0,082	0,082	0,082	0,082	0,086	0,084
12:10:19	37,0	0,790	0,836	0,828	0,758	0,761	0,817	0,083	0,084	0,083	0,081	0,081	0,083	0,762	0,787	0,779	0,731	0,727	0,804	0,084	0,084	0,083	0,084	0,084	0,082	0,765	0,786	0,781	0,732	0,743	0,814	0,084	0,084	0,084	0,083	0,084	0,081	0,762	0,777	0,777	0,684	0,744	0,795	0,086	0,085	0,082	0,083	0,084	0,083	0,759	0,794	0,781	0,736	0,736	0,805	0,083	0,082	0,082	0,084	0,084	0,081	0,790	0,809	0,778	0,737	0,758	0,851	0,084	0,084	0,083	0,086	0,082	0,082	0,759	0,822	0,797	0,728	0,800	0,762	0,083	0,083	0,084	0,090	0,082	0,085	0,835	0,882	0,878	0,782	0,767	0,836	0,082	0,082	0,082	0,082	0,085	0,084
12:20:19	37,0	0,792	0,842	0,835	0,764	0,766	0,824	0,083	0,084	0,083	0,081	0,081	0,083	0,768	0,793	0,786	0,734	0,732	0,810	0,084	0,084	0,083	0,084	0,084	0,082	0,771	0,795	0,784	0,737	0,748	0,822	0,084	0,084	0,084	0,083	0,084	0,081	0,767	0,782	0,782	0,687	0,748	0,801	0,085	0,085	0,082	0,083	0,084	0,083	0,764	0,799	0,786	0,742	0,742	0,811	0,083	0,082	0,082	0,084	0,084	0,081	0,797	0,814	0,781	0,740	0,761	0,859	0,084	0,084	0,083	0,086	0,082	0,082	0,763	0,825	0,798	0,729	0,805	0,767	0,083	0,083	0,084	0,090	0,082	0,085	0,841	0,889	0,882	0,787	0,773	0,840	0,082	0,082	0,082	0,082	0,085	0,084
12:30:19	37,0	0,794	0,846	0,839	0,768	0,771	0,831	0,083	0,084	0,083	0,081	0,081	0,083	0,773	0,797	0,789	0,741	0,738	0,817	0,084	0,084	0,083	0,084	0,084	0,082	0,775	0,798	0,789	0,742	0,751	0,829	0,084	0,084	0,084	0,083	0,084	0,081	0,771	0,788	0,786	0,691	0,753	0,806	0,086	0,085	0,082	0,083	0,084	0,083	0,769	0,802	0,787	0,745	0,745	0,816	0,083	0,082	0,083	0,084	0,084	0,081	0,802	0,817	0,785	0,740	0,764	0,864	0,084	0,084	0,083	0,086	0,082	0,082	0,773	0,829	0,802	0,734	0,810	0,773	0,083	0,083	0,084	0,090	0,082	0,085	0,845	0,896	0,886	0,793	0,778	0,846	0,082	0,082	0,082	0,082	0,085	0,084
12:40:19	37,0	0,799	0,849	0,842	0,773	0,776	0,837	0,083	0,084	0,083	0,081	0,081	0,083	0,777	0,803	0,795	0,746	0,743	0,824	0,084	0,084	0,083	0,083	0,084	0,082	0,780	0,799	0,793	0,745	0,758	0,836	0,084	0,084	0,083	0,083	0,084	0,081	0,775	0,790	0,791	0,692	0,760	0,812	0,085	0,085	0,081	0,083	0,084	0,082	0,775	0,807	0,792	0,748	0,749	0,821	0,083	0,082	0,082	0,084	0,084	0,081	0,807	0,821	0,789	0,744	0,768	0,870	0,084	0,083	0,083	0,085	0,082	0,081	0,775	0,832	0,807	0,739	0,815	0,781	0,083	0,083	0,084	0,090	0,082	0,085	0,848	0,902	0,891	0,799	0,784	0,853	0,082	0,082	0,082	0,081	0,085	0,084
12:50:19	37,0	0,802	0,851	0,845	0,779	0,778	0,842	0,083	0,084	0,083	0,081	0,081	0,083	0,781	0,806	0,796	0,752	0,749	0,828	0,084	0,084	0,083	0,084	0,084	0,082	0,784	0,806	0,797	0,750	0,761	0,840	0,084	0,084	0,083	0,083	0,084	0,081	0,779	0,791	0,793	0,695	0,762	0,818	0,085	0,085	0,082	0,083	0,084	0,082	0,779	0,810	0,795	0,752	0,750	0,827	0,083	0,082	0,082	0,084	0,084	0,081	0,812	0,826	0,795	0,747	0,773	0,874	0,084	0,084	0,083	0,086	0,082	0,082	0,782	0,836	0,809	0,741	0,819	0,784	0,083	0,083	0,084	0,090	0,082	0,085	0,852	0,907	0,898	0,803	0,788	0,857	0,082	0,082	0,082	0,082	0,085	0,084
13:00:19	37,0	0,806	0,855	0,847	0,784	0,784	0,849	0,083	0,084	0,083	0,081	0,081	0,083	0,783	0,809	0,799	0,751	0,751	0,834	0,084	0,084	0,083	0,084	0,084	0,082	0,787	0,808	0,802	0,753	0,764	0,846	0,084	0,084	0,084	0,083	0,084	0,081	0,783	0,796	0,797	0,697	0,765	0,823	0,086	0,085	0,082	0,083	0,084	0,083	0,787	0,814	0,799	0,755	0,754	0,832	0,083	0,082	0,082	0,084	0,084	0,081	0,816	0,829	0,798	0,754	0,777	0,878	0,084	0,084	0,083	0,086	0,082	0,082	0,785	0,837	0,812	0,744	0,824	0,789	0,083	0,083	0,084	0,090	0,082	0,085	0,857	0,914	0,900	0,808	0,794	0,862	0,082	0,082	0,082	0,082	0,085	0,084
13:10:19	37,0	0,810	0,856	0,849	0,788	0,788	0,852	0,083	0,084	0,083	0,081	0,081	0,083	0,787	0,812	0,803	0,754	0,754	0,839	0,084	0,084	0,083	0,084	0,084	0,082	0,792	0,809	0,805	0,759	0,766	0,850	0,084	0,084	0,084	0,083	0,084	0,081	0,787	0,798	0,799	0,699	0,767	0,827	0,086	0,085	0,082	0,083	0,084	0,083	0,789	0,819	0,800	0,759	0,756	0,835	0,083	0,082	0,082	0,084	0,084	0,081	0,821	0,830	0,803	0,758	0,781	0,884	0,084	0,084	0,083	0,086	0,082	0,082	0,789	0,841	0,815	0,748	0,827	0,795	0,083	0,083	0,084	0,090	0,082	0,085	0,862	0,917	0,903	0,813	0,798	0,867	0,082	0,082	0,082	0,082	0,085	0,084
13:20:19	37,0	0,816	0,857	0,847	0,793	0,793	0,855	0,083	0,084	0,083	0,081	0,081	0,083	0,788	0,814	0,805	0,759	0,755	0,843	0,084	0,084	0,083	0,084	0,084	0,082	0,795	0,812	0,808	0,762	0,769	0,855	0,084	0,084	0,084	0,083	0,084	0,081	0,791	0,801	0,803	0,701	0,771	0,831	0,086	0,085	0,082	0,083	0,084	0,083	0,795	0,822	0,804	0,763	0,761	0,838	0,083	0,082	0,082	0,084	0,084	0,081	0,826	0,835	0,807	0,761	0,784	0,888	0,084	0,084	0,083	0,086	0,082	0,082	0,794	0,843	0,818	0,750	0,831	0,800	0,083	0,083	0,084	0,090	0,082	0,085	0,865	0,919	0,906	0,819	0,803	0,873	0,082	0,082	0,082	0,082	0,085	0,084
13:30:19	37,0	0,812	0,863	0,852	0,797	0,795	0,856	0,083	0,084	0,083	0,081	0,081	0,083	0,795	0,818	0,807	0,761	0,757	0,847	0,084	0,084	0,083	0,084	0,084	0,082	0,798	0,816	0,810	0,763	0,773	0,859	0,084	0,084	0,084	0,083	0,084	0,081	0,795	0,805	0,806	0,704	0,775	0,834	0,086	0,085	0,082	0,083	0,084	0,082	0,797	0,822	0,807	0,764	0,763	0,840	0,083	0,082	0,082	0,084	0,084	0,081	0,827	0,838	0,810	0,760	0,786	0,892	0,084	0,084	0,083	0,086	0,082	0,082	0,795	0,845	0,817	0,752	0,834	0,804	0,083	0,083	0,084	0,090	0,082	0,085	0,869	0,924	0,908	0,821	0,807	0,875	0,082	0,082	0,082	0,082	0,085	0,084
13:40:19	37,0	0,819	0,865	0,850	0,801	0,798	0,859	0,083	0,084	0,083	0,081	0,081	0,084	0,794	0,820	0,810	0,762	0,761	0,853	0,084	0,084	0,083	0,084	0,084	0,082	0,802	0,814	0,813	0,768	0,775	0,864	0,084	0,084	0,084	0,083	0,084	0,081	0,797	0,806	0,808	0,709	0,777	0,839	0,086	0,085	0,082	0,083	0,084	0,083	0,804	0,825	0,807	0,770	0,767	0,846	0,083	0,082	0,082	0,084	0,084	0,081	0,833	0,840	0,813	0,763	0,790	0,896	0,084	0,084	0,083	0,086	0,082	0,082	0,800	0,846	0,825	0,759	0,839	0,809	0,083	0,083	0,084	0,090	0,082	0,085	0,872	0,925	0,912	0,825	0,813	0,880	0,082	0,082	0,082	0,082	0,085	0,084
13:50:19	37,0	0,822	0,876	0,851	0,804	0,802	0,861	0,083	0,084	0,083	0,081	0,081	0,083	0,798	0,821	0,812	0,767	0,761	0,857	0,084	0,084	0,083	0,084	0,084	0,082	0,801	0,821	0,816	0,770	0,777	0,869	0,084	0,084	0,083	0,083	0,084	0,081	0,797	0,809	0,810	0,713	0,781	0,841	0,086	0,085	0,081	0,082	0,084	0,083	0,806	0,826	0,809	0,768	0,770	0,848	0,083	0,082	0,082	0,084	0,084	0,081	0,834	0,843	0,817	0,767	0,794	0,901	0,084	0,084	0,083	0,086	0,082	0,082	0,802	0,847	0,826	0,756	0,841	0,812	0,083	0,083	0,084	0,090	0,082	0,085	0,875	0,929	0,914	0,829	0,816	0,883	0,082	0,082	0,082	0,082	0,085	0,084
14:00:19	37,0	0,824	0,869	0,854	0,808	0,804	0,864	0,083	0,084	0,083	0,081	0,081	0,083	0,799	0,824	0,814	0,768	0,766	0,861	0,084	0,084	0,083	0,084	0,084	0,082	0,804	0,820	0,819	0,772	0,778	0,872	0,084	0,084	0,083	0,083	0,084	0,081	0,802	0,809	0,812	0,712	0,783	0,845	0,085	0,085	0,082	0,082	0,084	0,083	0,809	0,828	0,810	0,771	0,771	0,853	0,083	0,082	0,082	0,084	0,084	0,081	0,839	0,845	0,817	0,769	0,796	0,904	0,084	0,084	0,083	0,086	0,082	0,082	0,805	0,851	0,829	0,758	0,844	0,816	0,083	0,083	0,084	0,090	0,082	0,085	0,880	0,930	0,915	0,833	0,820	0,887	0,082	0,082	0,082	0,082	0,085	0,084
14:10:19	37,0	0,828	0,869	0,857	0,811	0,807	0,867	0,083	0,084	0,083	0,081	0,081	0,083	0,800	0,827	0,816	0,772	0,768	0,863	0,084	0,084	0,083	0,084	0,084	0,082	0,809	0,823	0,820	0,774	0,781	0,876	0,084	0,084	0,084	0,083	0,084	0,081	0,802	0,811	0,815	0,713	0,785	0,848	0,086	0,085	0,082	0,083	0,084	0,083	0,810	0,830	0,812	0,774	0,772	0,856	0,083	0,082	0,082	0,084	0,084	0,081	0,840	0,847	0,823	0,772	0,799	0,907	0,084	0,084	0,083	0,086	0,082	0,082	0,805	0,853	0,831	0,761	0,846	0,819	0,083	0,083	0,084	0,090	0,082	0,085	0,886	0,933	0,917	0,836	0,824	0,889	0,082	0,082	0,082	0,082	0,085	0,084
14:20:19	37,0	0,828	0,869	0,854	0,814	0,811	0,871	0,083	0,084	0,083	0,081	0,081	0,083	0,800	0,828	0,819	0,772	0,770	0,868	0,084	0,084	0,083	0,084	0,084	0,082	0,810	0,823	0,824	0,774	0,782	0,880	0,084	0,084	0,084	0,083	0,084	0,081	0,807	0,814	0,817	0,717	0,786	0,852	0,086	0,085	0,082	0,083	0,084	0,083	0,812	0,832	0,815	0,776	0,776	0,858	0,083	0,082	0,082	0,084	0,084	0,081	0,843	0,849	0,824	0,774	0,799	0,910	0,084	0,084	0,083	0,086	0,082	0,082	0,806	0,855	0,833	0,763	0,849	0,823	0,083	0,083	0,084	0,090	0,082	0,085	0,889	0,933	0,916	0,839	0,827	0,893	0,082	0,082	0,082	0,082	0,085	0,084
14:30:19	37,0	0,831	0,876	0,856	0,816	0,812	0,872	0,083	0,084	0,083	0,081	0,081	0,083	0,801	0,829	0,821	0,772	0,773	0,871	0,084	0,084	0,083	0,084	0,084	0,082	0,809	0,827	0,824	0,775	0,785	0,884	0,084	0,084	0,084	0,083	0,084	0,081	0,806	0,816	0,818	0,718	0,790	0,855	0,086	0,085	0,082	0,083	0,084	0,083	0,814	0,832	0,818	0,777	0,776	0,860	0,083	0,082	0,082	0,084	0,084	0,081	0,844	0,851	0,827	0,777	0,801	0,913	0,084	0,084	0,083	0,086	0,082	0,082	0,808	0,857	0,834	0,769	0,851	0,826	0,083	0,083	0,084	0,090	0,082	0,085	0,893	0,935	0,919	0,842	0,830	0,896	0,082	0,082	0,082	0,082	0,086	0,084
14:40:19	37,0	0,836	0,872	0,857	0,818	0,816	0,875	0,083	0,084	0,082	0,081	0,081	0,083	0,801	0,830	0,822	0,774	0,773	0,874	0,084	0,084	0,083	0,084	0,084	0,082	0,809	0,825	0,826	0,777	0,787	0,886	0,084	0,084	0,083	0,083	0,084	0,081	0,809	0,817	0,821	0,717	0,791	0,857	0,085	0,085	0,081	0,082	0,084	0,082	0,815	0,834	0,819	0,780	0,779	0,862	0,083	0,082	0,082	0,084	0,084	0,081	0,844	0,852	0,830	0,779	0,803	0,915	0,084	0,084	0,083	0,085	0,082	0,082	0,807	0,859	0,836	0,770	0,853	0,830	0,083	0,083	0,084	0,090	0,082	0,085	0,895	0,934	0,920	0,845	0,832	0,898	0,082	0,082	0,081	0,081	0,085	0,084
14:50:19	37,0	0,835	0,873	0,863	0,820	0,820	0,880	0,083	0,084	0,083	0,081	0,081	0,083	0,807	0,832	0,822	0,776	0,777	0,880	0,084	0,084	0,083	0,084	0,084	0,082	0,812	0,832	0,827	0,778	0,788	0,889	0,084	0,084	0,084	0,083	0,084	0,081	0,809	0,819	0,821	0,719	0,793	0,860	0,086	0,085	0,082	0,083	0,084	0,083	0,818	0,836	0,822	0,780	0,779	0,865	0,083	0,082	0,082	0,084	0,084	0,081	0,848	0,853	0,833	0,779	0,804	0,918	0,084	0,084	0,083	0,086	0,082	0,082	0,809	0,859	0,836	0,772	0,853	0,834	0,083	0,083	0,084	0,090	0,082	0,085	0,896	0,936	0,922	0,847	0,834	0,902	0,082	0,082	0,082	0,082	0,085	0,084
15:00:19	37,0	0,838	0,871	0,858	0,821	0,822	0,882	0,083	0,084	0,083	0,081	0,081	0,083	0,807	0,832	0,823	0,776	0,778	0,886	0,084	0,084	0,083	0,084	0,084	0,082	0,812	0,831	0,830	0,781	0,791	0,890	0,084	0,084	0,084	0,083	0,084	0,081	0,809	0,820	0,821	0,721	0,795	0,864	0,086	0,085	0,082	0,083	0,084	0,083	0,819	0,836	0,823	0,782	0,783	0,867	0,083	0,082	0,082	0,084	0,084	0,081	0,847	0,856	0,835	0,780	0,805	0,921	0,084	0,084	0,083	0,085	0,082	0,082	0,808	0,861	0,839	0,775	0,857	0,836	0,083	0,083	0,084	0,090	0,082	0,085	0,896	0,938	0,920	0,850	0,836	0,903	0,082	0,082	0,082	0,082	0,085	0,084
15:10:19	37,0	0,837	0,872	0,860	0,824	0,824	0,883	0,083	0,084	0,083	0,081	0,081	0,083	0,808	0,833	0,824	0,776	0,782	0,888	0,084	0,084	0,083	0,084	0,084	0,082	0,815	0,833	0,832	0,779	0,791	0,893	0,084	0,084	0,084	0,083	0,084	0,081	0,808	0,821	0,822	0,725	0,796	0,864	0,086	0,085	0,082	0,083	0,084	0,083	0,819	0,838	0,824	0,784	0,783	0,868	0,083	0,082	0,082	0,084	0,084	0,081	0,849	0,856	0,835	0,782	0,806	0,922	0,084	0,084	0,083	0,086	0,082	0,082	0,810	0,860	0,839	0,774	0,858	0,839	0,083	0,083	0,084	0,090	0,082	0,085	0,897	0,939	0,922	0,853	0,838	0,905	0,082	0,082	0,082	0,082	0,085	0,084
15:20:19	37,0	0,837	0,873	0,861	0,825	0,826	0,883	0,083	0,084	0,083	0,081	0,081	0,083	0,810	0,834	0,825	0,776	0,782	0,890	0,084	0,084	0,083	0,084	0,084	0,082	0,813	0,833	0,835	0,781	0,793	0,894	0,084	0,084	0,084	0,083	0,084	0,081	0,809	0,823	0,824	0,727	0,798	0,868	0,086	0,085	0,082	0,083	0,084	0,083	0,818	0,840	0,826	0,786	0,785	0,870	0,083	0,082	0,083	0,084	0,084	0,081	0,847	0,858	0,837	0,781	0,807	0,925	0,084	0,084	0,083	0,086	0,083	0,082	0,811	0,863	0,840	0,773	0,862	0,841	0,083	0,083	0,084	0,090	0,082	0,085	0,901	0,938	0,921	0,853	0,839	0,905	0,082	0,083	0,082	0,082	0,085	0,084
15:30:19	37,0	0,839	0,873	0,861	0,827	0,829	0,886	0,083	0,084	0,083	0,081	0,081	0,083	0,811	0,834	0,825	0,778	0,785	0,891	0,084	0,084	0,083	0,084	0,084	0,082	0,812	0,834	0,835	0,782	0,791	0,895	0,084	0,084	0,084	0,083	0,084	0,081	0,809	0,824	0,825	0,726	0,798	0,870	0,086	0,085	0,082	0,083	0,084	0,083	0,818	0,839	0,827	0,788	0,786	0,870	0,083	0,082	0,083	0,084	0,084	0,081	0,846	0,858	0,838	0,784	0,807	0,926	0,084	0,084	0,083	0,086	0,083	0,082	0,812	0,864	0,841	0,775	0,866	0,843	0,083	0,083	0,084	0,090	0,082	0,085	0,901	0,937	0,920	0,856	0,840	0,908	0,082	0,082	0,082	0,082	0,085	0,084
15:40:19	37,0	0,840	0,871	0,858	0,828	0,832	0,887	0,083	0,084	0,083	0,081	0,081	0,083	0,807	0,834	0,827	0,779	0,786	0,894	0,084	0,084	0,083	0,084	0,084	0,082	0,817	0,834	0,838	0,785	0,792	0,898	0,084	0,084	0,084	0,083	0,084	0,081	0,808	0,823	0,825	0,727	0,799	0,872	0,085	0,085	0,082	0,083	0,084	0,083	0,818	0,840	0,827	0,791	0,787	0,872	0,083	0,082	0,082	0,084	0,084	0,082	0,847	0,858	0,839	0,788	0,809	0,926	0,084	0,084	0,083	0,085	0,082	0,082	0,813	0,864	0,845	0,777	0,867	0,846	0,083	0,083	0,084	0,090	0,082	0,085	0,900	0,938	0,922	0,859	0,843	0,909	0,082	0,082	0,082	0,081	0,085	0,084
15:50:19	37,0	0,836	0,873	0,859	0,830	0,833	0,889	0,083	0,084	0,083	0,081	0,081	0,083	0,808	0,835	0,827	0,780	0,789	0,896	0,084	0,084	0,083	0,084	0,084	0,082	0,815	0,834	0,839	0,787	0,795	0,899	0,084	0,084	0,083	0,083	0,084	0,081	0,808	0,824	0,825	0,729	0,801	0,873	0,086	0,085	0,082	0,082	0,084	0,083	0,817	0,840	0,829	0,792	0,787	0,873	0,083	0,082	0,082	0,084	0,084	0,081	0,848	0,859	0,840	0,789	0,808	0,927	0,084	0,084	0,083	0,085	0,082	0,082	0,812	0,866	0,843	0,778	0,868	0,849	0,083	0,083	0,084	0,090	0,082	0,085	0,899	0,936	0,921	0,859	0,845	0,909	0,082	0,082	0,082	0,082	0,085	0,084
16:00:19	37,0	0,839	0,870	0,856	0,831	0,834	0,890	0,083	0,084	0,083	0,081	0,081	0,083	0,806	0,835	0,828	0,781	0,788	0,897	0,084	0,084	0,083	0,084	0,084	0,082	0,815	0,837	0,840	0,787	0,796	0,897	0,084	0,084	0,084	0,083	0,084	0,081	0,808	0,825	0,825	0,733	0,804	0,872	0,086	0,085	0,082	0,082	0,084	0,083	0,817	0,840	0,829	0,794	0,787	0,875	0,083	0,082	0,082	0,084	0,084	0,081	0,847	0,860	0,842	0,789	0,812	0,928	0,084	0,084	0,083	0,085	0,082	0,082	0,812	0,865	0,843	0,777	0,867	0,850	0,083	0,083	0,084	0,090	0,082	0,085	0,900	0,935	0,919	0,859	0,845	0,910	0,082	0,082	0,082	0,082	0,085	0,084
16:10:19	37,0	0,839	0,870	0,857	0,832	0,836	0,891	0,083	0,084	0,083	0,081	0,081	0,083	0,809	0,836	0,827	0,782	0,790	0,898	0,084	0,084	0,083	0,084	0,084	0,082	0,816	0,838	0,841	0,790	0,797	0,899	0,084	0,084	0,083	0,083	0,084	0,081	0,808	0,825	0,826	0,731	0,804	0,873	0,086	0,085	0,082	0,083	0,084	0,082	0,820	0,839	0,829	0,796	0,788	0,876	0,083	0,082	0,082	0,084	0,084	0,081	0,847	0,860	0,843	0,790	0,812	0,930	0,084	0,084	0,083	0,086	0,082	0,082	0,812	0,864	0,844	0,780	0,867	0,851	0,083	0,083	0,084	0,090	0,082	0,085	0,902	0,937	0,921	0,861	0,847	0,911	0,082	0,082	0,082	0,082	0,085	0,084
16:20:19	37,0	0,841	0,871	0,859	0,834	0,837	0,893	0,083	0,084	0,083	0,081	0,081	0,083	0,813	0,835	0,826	0,782	0,791	0,900	0,084	0,084	0,083	0,084	0,084	0,082	0,816	0,838	0,842	0,793	0,796	0,901	0,084	0,084	0,084	0,083	0,084	0,081	0,809	0,826	0,825	0,731	0,804	0,874	0,086	0,085	0,082	0,083	0,084	0,082	0,821	0,840	0,831	0,797	0,792	0,876	0,083	0,082	0,082	0,084	0,084	0,081	0,847	0,860	0,844	0,791	0,812	0,932	0,084	0,084	0,083	0,085	0,082	0,082	0,811	0,865	0,842	0,780	0,867	0,855	0,083	0,083	0,084	0,090	0,082	0,085	0,900	0,937	0,920	0,863	0,849	0,913	0,082	0,082	0,082	0,082	0,085	0,084
16:30:19	37,0	0,842	0,871	0,857	0,835	0,838	0,894	0,083	0,084	0,082	0,081	0,081	0,083	0,814	0,836	0,827	0,783	0,793	0,900	0,084	0,084	0,083	0,084	0,084	0,082	0,815	0,840	0,843	0,793	0,797	0,900	0,084	0,084	0,083	0,083	0,084	0,081	0,807	0,826	0,824	0,732	0,805	0,878	0,086	0,085	0,082	0,083	0,084	0,082	0,819	0,840	0,830	0,796	0,793	0,879	0,083	0,082	0,082	0,084	0,084	0,081	0,847	0,861	0,843	0,790	0,813	0,933	0,084	0,083	0,083	0,085	0,082	0,082	0,814	0,864	0,842	0,779	0,870	0,853	0,083	0,083	0,084	0,090	0,082	0,085	0,899	0,937	0,919	0,864	0,850	0,912	0,082	0,082	0,082	0,082	0,085	0,084
16:40:19	37,0	0,840	0,871	0,856	0,836	0,840	0,895	0,083	0,084	0,083	0,081	0,081	0,083	0,812	0,836	0,826	0,782	0,792	0,900	0,084	0,084	0,083	0,084	0,084	0,082	0,815	0,840	0,843	0,794	0,798	0,902	0,084	0,084	0,084	0,083	0,084	0,081	0,807	0,825	0,823	0,731	0,807	0,878	0,086	0,085	0,081	0,083	0,084	0,083	0,819	0,840	0,831	0,799	0,793	0,880	0,083	0,082	0,082	0,084	0,084	0,081	0,848	0,861	0,844	0,791	0,813	0,933	0,084	0,084	0,083	0,085	0,082	0,082	0,813	0,863	0,843	0,781	0,870	0,853	0,083	0,083	0,084	0,090	0,082	0,085	0,900	0,933	0,920	0,866	0,850	0,913	0,082	0,082	0,082	0,082	0,085	0,084
16:50:19	37,0	0,841	0,870	0,856	0,837	0,841	0,897	0,083	0,084	0,083	0,081	0,081	0,083	0,812	0,836	0,825	0,782	0,794	0,900	0,084	0,084	0,083	0,084	0,084	0,082	0,813	0,838	0,844	0,794	0,799	0,902	0,084	0,084	0,083	0,083	0,084	0,081	0,806	0,826	0,824	0,732	0,807	0,880	0,086	0,085	0,082	0,082	0,084	0,083	0,817	0,840	0,832	0,798	0,794	0,880	0,083	0,082	0,082	0,084	0,084	0,081	0,847	0,860	0,843	0,791	0,814	0,934	0,084	0,084	0,083	0,085	0,082	0,082	0,813	0,864	0,841	0,779	0,872	0,856	0,083	0,083	0,084	0,090	0,082	0,085	0,901	0,932	0,917	0,866	0,852	0,914	0,082	0,082	0,082	0,082	0,085	0,084
17:00:19	37,0	0,839	0,869	0,855	0,838	0,843	0,899	0,083	0,084	0,083	0,081	0,081	0,083	0,810	0,836	0,826	0,783	0,795	0,902	0,084	0,084	0,083	0,084	0,084	0,082	0,816	0,838	0,846	0,793	0,802	0,903	0,084	0,084	0,084	0,083	0,084	0,081	0,805	0,826	0,823	0,732	0,809	0,878	0,086	0,085	0,082	0,083	0,084	0,083	0,816	0,841	0,831	0,798	0,795	0,879	0,083	0,082	0,082	0,084	0,084	0,081	0,844	0,859	0,844	0,792	0,815	0,935	0,084	0,084	0,083	0,086	0,082	0,082	0,815	0,864	0,844	0,780	0,873	0,857	0,083	0,083	0,084	0,090	0,082	0,085	0,899	0,932	0,915	0,868	0,853	0,914	0,082	0,082	0,082	0,082	0,085	0,084
17:10:19	37,0	0,839	0,868	0,853	0,840	0,844	0,900	0,083	0,084	0,082	0,081	0,081	0,083	0,810	0,835	0,824	0,784	0,796	0,900	0,084	0,084	0,083	0,084	0,084	0,082	0,815	0,837	0,846	0,791	0,807	0,903	0,084	0,084	0,083	0,083	0,084	0,081	0,804	0,825	0,822	0,731	0,809	0,876	0,085	0,085	0,081	0,082	0,084	0,082	0,814	0,840	0,831	0,798	0,794	0,882	0,083	0,082	0,082	0,084	0,084	0,081	0,844	0,859	0,842	0,795	0,814	0,935	0,083	0,083	0,083	0,085	0,082	0,081	0,814	0,864	0,841	0,781	0,873	0,859	0,083	0,083	0,083	0,090	0,082	0,085	0,899	0,930	0,918	0,868	0,854	0,914	0,082	0,082	0,082	0,081	0,085	0,084
17:20:19	37,0	0,838	0,866	0,852	0,842	0,844	0,903	0,083	0,084	0,083	0,081	0,081	0,083	0,810	0,835	0,823	0,785	0,798	0,899	0,084	0,084	0,083	0,084	0,084	0,082	0,814	0,839	0,845	0,796	0,805	0,902	0,084	0,084	0,083	0,083	0,084	0,081	0,804	0,825	0,821	0,732	0,810	0,878	0,086	0,085	0,082	0,082	0,084	0,082	0,815	0,838	0,831	0,797	0,796	0,882	0,083	0,082	0,082	0,084	0,084	0,081	0,843	0,858	0,843	0,797	0,816	0,938	0,084	0,083	0,083	0,085	0,082	0,082	0,814	0,863	0,841	0,782	0,873	0,859	0,083	0,083	0,084	0,090	0,082	0,085	0,899	0,930	0,914	0,869	0,855	0,914	0,082	0,082	0,082	0,082	0,085	0,084
17:30:19	37,0	0,839	0,866	0,850	0,843	0,845	0,903	0,083	0,084	0,083	0,081	0,081	0,083	0,809	0,834	0,823	0,787	0,797	0,899	0,084	0,084	0,083	0,084	0,084	0,082	0,814	0,839	0,845	0,798	0,803	0,904	0,084	0,084	0,084	0,083	0,084	0,081	0,807	0,825	0,822	0,734	0,811	0,880	0,086	0,085	0,082	0,083	0,084	0,083	0,815	0,839	0,830	0,797	0,797	0,884	0,083	0,082	0,083	0,084	0,084	0,082	0,843	0,859	0,844	0,797	0,815	0,938	0,084	0,084	0,083	0,086	0,083	0,082	0,815	0,864	0,840	0,782	0,876	0,860	0,083	0,083	0,084	0,090	0,082	0,085	0,899	0,929	0,915	0,869	0,856	0,918	0,082	0,082	0,082	0,082	0,085	0,084
17:40:19	37,0	0,836	0,865	0,851	0,844	0,846	0,904	0,083	0,084	0,083	0,081	0,081	0,083	0,811	0,835	0,822	0,787	0,797	0,899	0,084	0,084	0,083	0,084	0,084	0,082	0,813	0,839	0,846	0,796	0,806	0,906	0,084	0,084	0,084	0,083	0,084	0,081	0,804	0,825	0,819	0,735	0,811	0,881	0,086	0,085	0,082	0,082	0,084	0,083	0,814	0,838	0,830	0,796	0,798	0,885	0,083	0,082	0,083	0,084	0,084	0,081	0,842	0,858	0,844	0,797	0,814	0,939	0,084	0,084	0,083	0,085	0,082	0,082	0,813	0,862	0,838	0,782	0,875	0,859	0,083	0,083	0,084	0,090	0,082	0,085	0,898	0,928	0,914	0,870	0,856	0,919	0,082	0,082	0,082	0,082	0,085	0,084
17:50:19	37,0	0,838	0,865	0,850	0,845	0,846	0,903	0,083	0,084	0,083	0,081	0,081	0,083	0,811	0,834	0,822	0,788	0,799	0,901	0,084	0,084	0,083	0,083	0,084	0,082	0,814	0,839	0,845	0,796	0,806	0,904	0,084	0,084	0,083	0,083	0,084	0,081	0,805	0,824	0,818	0,735	0,812	0,880	0,085	0,085	0,082	0,082	0,084	0,082	0,814	0,838	0,829	0,797	0,797	0,886	0,083	0,082	0,082	0,084	0,083	0,081	0,844	0,859	0,842	0,797	0,814	0,939	0,084	0,083	0,083	0,085	0,082	0,081	0,811	0,861	0,837	0,782	0,876	0,859	0,083	0,083	0,083	0,090	0,082	0,085	0,898	0,927	0,914	0,871	0,856	0,920	0,082	0,082	0,082	0,081	0,085	0,084
18:00:19	37,0	0,835	0,865	0,849	0,846	0,848	0,905	0,083	0,084	0,083	0,081	0,081	0,083	0,810	0,833	0,821	0,788	0,800	0,903	0,084	0,084	0,083	0,084	0,084	0,082	0,815	0,839	0,843	0,795	0,807	0,906	0,084	0,084	0,084	0,083	0,084	0,081	0,804	0,824	0,817	0,734	0,812	0,882	0,085	0,085	0,082	0,083	0,084	0,083	0,813	0,837	0,829	0,798	0,798	0,886	0,083	0,082	0,083	0,084	0,084	0,081	0,844	0,857	0,841	0,798	0,816	0,939	0,084	0,084	0,083	0,086	0,082	0,082	0,812	0,861	0,838	0,786	0,877	0,860	0,083	0,083	0,084	0,090	0,082	0,085	0,899	0,927	0,913	0,873	0,856	0,923	0,082	0,082	0,082	0,082	0,085	0,084
18:10:19	37,0	0,834	0,866	0,849	0,848	0,850	0,907	0,083	0,084	0,083	0,081	0,081	0,083	0,806	0,832	0,819	0,788	0,799	0,905	0,084	0,084	0,083	0,084	0,084	0,082	0,814	0,838	0,842	0,794	0,807	0,907	0,084	0,084	0,083	0,083	0,084	0,081	0,806	0,823	0,817	0,736	0,812	0,881	0,086	0,085	0,082	0,083	0,084	0,082	0,816	0,836	0,828	0,798	0,799	0,886	0,083	0,082	0,082	0,084	0,084	0,081	0,842	0,856	0,841	0,799	0,816	0,941	0,084	0,084	0,083	0,085	0,082	0,082	0,813	0,860	0,837	0,788	0,878	0,862	0,083	0,083	0,084	0,090	0,082	0,085	0,897	0,925	0,912	0,873	0,857	0,923	0,082	0,082	0,082	0,082	0,085	0,084
18:20:19	37,0	0,834	0,865	0,849	0,848	0,851	0,907	0,083	0,084	0,083	0,081	0,081	0,083	0,804	0,832	0,819	0,791	0,800	0,908	0,084	0,084	0,083	0,084	0,084	0,082	0,817	0,836	0,843	0,798	0,807	0,907	0,084	0,084	0,084	0,083	0,084	0,081	0,806	0,821	0,815	0,737	0,812	0,880	0,086	0,085	0,082	0,083	0,084	0,082	0,815	0,836	0,827	0,800	0,800	0,886	0,083	0,082	0,082	0,084	0,084	0,081	0,842	0,854	0,842	0,799	0,818	0,942	0,084	0,084	0,083	0,085	0,082	0,082	0,813	0,859	0,838	0,787	0,878	0,864	0,083	0,083	0,084	0,090	0,082	0,085	0,896	0,927	0,911	0,874	0,857	0,924	0,082	0,082	0,082	0,082	0,085	0,084
18:30:19	37,0	0,831	0,864	0,848	0,849	0,852	0,908	0,083	0,084	0,083	0,081	0,081	0,083	0,805	0,830	0,818	0,791	0,802	0,906	0,084	0,084	0,083	0,084	0,084	0,082	0,813	0,836	0,842	0,798	0,809	0,908	0,084	0,084	0,084	0,083	0,084	0,081	0,802	0,822	0,815	0,739	0,815	0,878	0,086	0,085	0,082	0,082	0,084	0,082	0,815	0,835	0,827	0,798	0,800	0,887	0,083	0,082	0,082	0,084	0,084	0,081	0,841	0,855	0,839	0,799	0,818	0,942	0,084	0,083	0,083	0,085	0,082	0,082	0,811	0,859	0,836	0,787	0,879	0,865	0,083	0,083	0,084	0,090	0,082	0,085	0,896	0,924	0,909	0,875	0,859	0,925	0,082	0,082	0,082	0,082	0,085	0,084
18:40:19	37,0	0,833	0,864	0,848	0,850	0,852	0,909	0,083	0,084	0,083	0,081	0,081	0,083	0,806	0,831	0,818	0,791	0,801	0,907	0,084	0,084	0,083	0,084	0,084	0,082	0,813	0,836	0,841	0,797	0,809	0,906	0,084	0,084	0,084	0,083	0,084	0,081	0,801	0,822	0,814	0,739	0,813	0,881	0,086	0,085	0,082	0,083	0,084	0,083	0,813	0,834	0,826	0,799	0,800	0,888	0,083	0,082	0,082	0,084	0,084	0,081	0,840	0,854	0,839	0,798	0,819	0,942	0,084	0,084	0,083	0,085	0,082	0,082	0,808	0,858	0,835	0,785	0,881	0,864	0,083	0,083	0,084	0,090	0,082	0,085	0,895	0,921	0,909	0,875	0,858	0,927	0,082	0,083	0,082	0,082	0,085	0,084
18:50:19	37,0	0,831	0,862	0,845	0,852	0,853	0,909	0,083	0,084	0,082	0,081	0,081	0,083	0,805	0,831	0,816	0,793	0,799	0,906	0,084	0,084	0,083	0,084	0,084	0,082	0,814	0,836	0,841	0,796	0,812	0,904	0,084	0,084	0,084	0,083	0,084	0,081	0,800	0,820	0,813	0,740	0,813	0,880	0,086	0,085	0,082	0,082	0,084	0,082	0,813	0,834	0,826	0,799	0,801	0,889	0,083	0,082	0,082	0,084	0,084	0,081	0,841	0,853	0,840	0,796	0,818	0,943	0,084	0,083	0,083	0,085	0,082	0,082	0,808	0,857	0,834	0,786	0,881	0,863	0,083	0,083	0,083	0,090	0,082	0,085	0,897	0,922	0,907	0,876	0,859	0,929	0,082	0,082	0,082	0,081	0,085	0,084
19:00:19	37,0	0,829	0,861	0,845	0,853	0,852	0,910	0,083	0,084	0,083	0,081	0,081	0,083	0,807	0,831	0,816	0,794	0,800	0,906	0,084	0,084	0,083	0,084	0,084	0,082	0,816	0,836	0,840	0,800	0,811	0,904	0,084	0,084	0,084	0,083	0,084	0,081	0,800	0,820	0,813	0,740	0,814	0,880	0,086	0,085	0,082	0,083	0,084	0,083	0,812	0,833	0,825	0,799	0,801	0,890	0,083	0,082	0,083	0,084	0,084	0,081	0,840	0,852	0,838	0,797	0,818	0,944	0,084	0,084	0,083	0,086	0,083	0,082	0,809	0,857	0,832	0,785	0,879	0,863	0,083	0,083	0,084	0,090	0,082	0,085	0,893	0,921	0,909	0,876	0,858	0,928	0,082	0,082	0,082	0,082	0,085	0,084
19:10:19	37,0	0,831	0,860	0,844	0,853	0,853	0,911	0,083	0,084	0,083	0,081	0,081	0,083	0,804	0,830	0,816	0,793	0,801	0,904	0,084	0,084	0,083	0,084	0,084	0,082	0,815	0,835	0,839	0,801	0,810	0,904	0,084	0,084	0,084	0,083	0,084	0,081	0,800	0,819	0,812	0,740	0,812	0,878	0,086	0,085	0,082	0,083	0,084	0,082	0,811	0,833	0,824	0,799	0,803	0,891	0,083	0,082	0,082	0,084	0,084	0,081	0,842	0,849	0,838	0,797	0,818	0,943	0,084	0,084	0,083	0,085	0,082	0,082	0,809	0,855	0,831	0,784	0,881	0,863	0,083	0,083	0,084	0,090	0,082	0,085	0,894	0,923	0,908	0,877	0,859	0,928	0,082	0,082	0,082	0,082	0,085	0,084
19:20:19	37,0	0,830	0,860	0,844	0,855	0,853	0,910	0,083	0,084	0,083	0,081	0,081	0,083	0,802	0,828	0,816	0,792	0,802	0,903	0,084	0,084	0,083	0,084	0,084	0,082	0,816	0,836	0,837	0,798	0,809	0,904	0,084	0,084	0,084	0,083	0,084	0,081	0,800	0,818	0,811	0,741	0,814	0,880	0,086	0,085	0,082	0,083	0,084	0,083	0,812	0,832	0,824	0,800	0,802	0,892	0,083	0,082	0,082	0,084	0,084	0,081	0,842	0,851	0,837	0,799	0,818	0,945	0,084	0,084	0,083	0,085	0,082	0,082	0,811	0,854	0,830	0,787	0,881	0,862	0,083	0,083	0,084	0,090	0,082	0,085	0,892	0,921	0,905	0,877	0,859	0,929	0,082	0,082	0,082	0,082	0,085	0,084
19:30:19	37,0	0,827	0,863	0,843	0,856	0,853	0,910	0,083	0,084	0,083	0,081	0,081	0,083	0,801	0,828	0,815	0,794	0,802	0,904	0,084	0,084	0,083	0,084	0,084	0,082	0,815	0,833	0,837	0,801	0,809	0,903	0,084	0,084	0,084	0,083	0,084	0,081	0,799	0,817	0,811	0,741	0,815	0,879	0,085	0,085	0,082	0,083	0,084	0,083	0,812	0,832	0,822	0,802	0,803	0,891	0,083	0,082	0,083	0,084	0,084	0,081	0,841	0,849	0,837	0,800	0,819	0,943	0,084	0,084	0,083	0,086	0,082	0,082	0,810	0,854	0,832	0,788	0,879	0,863	0,083	0,083	0,084	0,090	0,082	0,085	0,894	0,921	0,903	0,878	0,860	0,931	0,082	0,082	0,082	0,081	0,085	0,084
19:40:19	37,0	0,827	0,864	0,846	0,858	0,855	0,912	0,083	0,084	0,083	0,081	0,081	0,083	0,802	0,828	0,814	0,796	0,803	0,903	0,084	0,084	0,083	0,084	0,084	0,082	0,815	0,832	0,836	0,802	0,810	0,903	0,084	0,084	0,084	0,083	0,084	0,081	0,800	0,816	0,809	0,739	0,817	0,880	0,086	0,085	0,082	0,083	0,084	0,082	0,813	0,830	0,822	0,802	0,803	0,891	0,083	0,082	0,082	0,084	0,084	0,081	0,840	0,849	0,838	0,800	0,821	0,946	0,084	0,084	0,083	0,085	0,082	0,082	0,810	0,854	0,831	0,788	0,880	0,866	0,083	0,083	0,084	0,090	0,082	0,085	0,893	0,918	0,905	0,880	0,861	0,931	0,082	0,082	0,082	0,082	0,085	0,084
19:50:19	37,0	0,825	0,861	0,843	0,856	0,854	0,910	0,083	0,084	0,083	0,081	0,081	0,083	0,801	0,827	0,813	0,796	0,804	0,904	0,084	0,084	0,083	0,084	0,084	0,082	0,815	0,832	0,836	0,799	0,811	0,900	0,084	0,084	0,083	0,083	0,084	0,081	0,798	0,816	0,809	0,736	0,815	0,876	0,086	0,085	0,082	0,083	0,084	0,083	0,811	0,830	0,822	0,802	0,802	0,891	0,083	0,082	0,082	0,084	0,084	0,081	0,840	0,849	0,836	0,799	0,820	0,944	0,083	0,084	0,083	0,085	0,082	0,082	0,807	0,853	0,829	0,786	0,881	0,864	0,083	0,083	0,084	0,090	0,082	0,085	0,893	0,917	0,904	0,879	0,860	0,931	0,082	0,082	0,082	0,082	0,085	0,084
20:00:19	37,0	0,824	0,860	0,842	0,858	0,853	0,910	0,083	0,084	0,083	0,081	0,081	0,083	0,800	0,826	0,813	0,796	0,802	0,903	0,084	0,084	0,083	0,084	0,084	0,082	0,812	0,833	0,835	0,797	0,811	0,903	0,084	0,084	0,084	0,083	0,084	0,081	0,798	0,816	0,809	0,737	0,814	0,877	0,086	0,085	0,082	0,083	0,084	0,083	0,809	0,830	0,821	0,800	0,803	0,892	0,083	0,082	0,082	0,084	0,084	0,081	0,839	0,848	0,835	0,797	0,820	0,943	0,084	0,084	0,083	0,086	0,082	0,082	0,808	0,852	0,829	0,786	0,882	0,862	0,083	0,083	0,084	0,090	0,082	0,085	0,892	0,916	0,905	0,879	0,860	0,931	0,082	0,082	0,082	0,082	0,085	0,084
20:10:19	37,0	0,824	0,859	0,842	0,859	0,854	0,911	0,083	0,084	0,083	0,081	0,081	0,083	0,799	0,827	0,811	0,796	0,804	0,901	0,084	0,084	0,083	0,084	0,084	0,082	0,814	0,833	0,835	0,797	0,811	0,901	0,084	0,084	0,084	0,083	0,084	0,081	0,798	0,815	0,808	0,734	0,813	0,878	0,086	0,085	0,082	0,082	0,084	0,083	0,810	0,829	0,821	0,800	0,803	0,894	0,083	0,082	0,083	0,084	0,084	0,081	0,838	0,847	0,835	0,795	0,820	0,944	0,084	0,084	0,083	0,086	0,082	0,082	0,808	0,851	0,827	0,787	0,881	0,863	0,083	0,083	0,084	0,090	0,082	0,085	0,894	0,916	0,904	0,881	0,859	0,930	0,082	0,082	0,082	0,082	0,085	0,084
20:20:19	37,0	0,822	0,858	0,842	0,860	0,852	0,910	0,083	0,084	0,083	0,081	0,081	0,083	0,800	0,828	0,811	0,798	0,802	0,900	0,084	0,084	0,083	0,084	0,084	0,082	0,812	0,832	0,834	0,798	0,812	0,901	0,084	0,084	0,084	0,083	0,084	0,081	0,797	0,814	0,807	0,733	0,814	0,876	0,085	0,085	0,082	0,082	0,084	0,082	0,809	0,829	0,820	0,798	0,803	0,895	0,083	0,082	0,082	0,084	0,084	0,081	0,838	0,846	0,834	0,795	0,820	0,944	0,084	0,083	0,083	0,085	0,082	0,082	0,807	0,851	0,827	0,786	0,883	0,862	0,083	0,083	0,084	0,090	0,082	0,085	0,894	0,914	0,901	0,881	0,859	0,932	0,082	0,082	0,082	0,081	0,085	0,084
20:30:19	37,0	0,822	0,856	0,840	0,860	0,853	0,910	0,083	0,084	0,082	0,081	0,081	0,083	0,800	0,826	0,810	0,795	0,804	0,899	0,084	0,084	0,083	0,084	0,084	0,082	0,812	0,831	0,833	0,796	0,811	0,902	0,084	0,084	0,083	0,082	0,084	0,081	0,797	0,814	0,807	0,733	0,814	0,875	0,085	0,085	0,081	0,082	0,084	0,082	0,808	0,829	0,820	0,798	0,802	0,894	0,083	0,082	0,082	0,084	0,084	0,081	0,837	0,846	0,834	0,795	0,817	0,943	0,084	0,084	0,083	0,085	0,082	0,082	0,807	0,850	0,825	0,785	0,881	0,861	0,083	0,083	0,084	0,090	0,082	0,085	0,893	0,915	0,899	0,881	0,859	0,933	0,082	0,082	0,082	0,081	0,085	0,084
20:40:19	37,0	0,822	0,860	0,842	0,862	0,854	0,910	0,083	0,084	0,083	0,081	0,081	0,083	0,801	0,825	0,810	0,793	0,802	0,901	0,084	0,084	0,083	0,084	0,084	0,082	0,813	0,829	0,833	0,796	0,810	0,900	0,084	0,084	0,083	0,083	0,084	0,081	0,799	0,812	0,806	0,731	0,814	0,875	0,086	0,085	0,082	0,083	0,084	0,082	0,809	0,828	0,818	0,800	0,802	0,894	0,083	0,082	0,082	0,084	0,084	0,081	0,837	0,844	0,833	0,796	0,816	0,943	0,084	0,084	0,083	0,086	0,082	0,082	0,808	0,851	0,828	0,786	0,882	0,861	0,083	0,083	0,084	0,090	0,082	0,085	0,892	0,915	0,899	0,883	0,859	0,930	0,082	0,082	0,082	0,082	0,085	0,084
20:50:19	37,0	0,821	0,860	0,844	0,864	0,857	0,909	0,083	0,084	0,083	0,081	0,081	0,083	0,800	0,824	0,810	0,795	0,803	0,901	0,084	0,084	0,083	0,084	0,084	0,082	0,811	0,832	0,832	0,795	0,808	0,903	0,084	0,084	0,083	0,083	0,084	0,081	0,799	0,812	0,805	0,730	0,816	0,874	0,086	0,085	0,082	0,083	0,084	0,083	0,810	0,826	0,819	0,800	0,801	0,895	0,083	0,082	0,082	0,084	0,084	0,081	0,837	0,845	0,832	0,796	0,817	0,945	0,084	0,084	0,083	0,085	0,082	0,082	0,808	0,851	0,826	0,788	0,881	0,861	0,083	0,083	0,084	0,090	0,082	0,085	0,893	0,915	0,901	0,884	0,860	0,932	0,082	0,082	0,082	0,082	0,085	0,084
21:00:19	37,0	0,821	0,861	0,842	0,862	0,855	0,908	0,083	0,084	0,083	0,082	0,081	0,083	0,800	0,823	0,809	0,795	0,804	0,898	0,084	0,084	0,083	0,084	0,084	0,082	0,812	0,830	0,832	0,792	0,810	0,901	0,084	0,084	0,084	0,083	0,084	0,081	0,799	0,812	0,806	0,731	0,814	0,874	0,086	0,085	0,082	0,082	0,084	0,083	0,808	0,827	0,819	0,800	0,801	0,894	0,083	0,082	0,082	0,084	0,084	0,082	0,838	0,844	0,832	0,796	0,818	0,943	0,084	0,084	0,083	0,086	0,082	0,082	0,804	0,850	0,825	0,787	0,880	0,860	0,083	0,083	0,084	0,090	0,082	0,085	0,890	0,914	0,898	0,883	0,859	0,932	0,082	0,083	0,082	0,082	0,085	0,084
21:10:19	37,0	0,820	0,859	0,841	0,862	0,855	0,908	0,083	0,084	0,083	0,082	0,081	0,083	0,800	0,822	0,807	0,794	0,803	0,897	0,084	0,084	0,083	0,084	0,084	0,082	0,812	0,830	0,832	0,792	0,810	0,899	0,084	0,084	0,084	0,083	0,084	0,081	0,796	0,811	0,805	0,729	0,813	0,872	0,086	0,085	0,082	0,082	0,084	0,083	0,807	0,825	0,818	0,799	0,800	0,894	0,083	0,082	0,082	0,084	0,084	0,081	0,838	0,843	0,832	0,796	0,817	0,943	0,084	0,084	0,083	0,085	0,082	0,082	0,806	0,850	0,825	0,786	0,881	0,859	0,083	0,083	0,084	0,090	0,082	0,085	0,890	0,913	0,899	0,884	0,859	0,931	0,082	0,082	0,082	0,082	0,085	0,084
21:20:19	37,0	0,820	0,857	0,842	0,863	0,855	0,906	0,083	0,084	0,083	0,082	0,081	0,083	0,799	0,821	0,806	0,793	0,800	0,897	0,084	0,084	0,083	0,084	0,084	0,082	0,810	0,830	0,831	0,791	0,809	0,899	0,084	0,084	0,084	0,083	0,084	0,081	0,799	0,810	0,805	0,729	0,813	0,873	0,086	0,085	0,082	0,082	0,084	0,083	0,808	0,825	0,817	0,799	0,799	0,893	0,083	0,082	0,082	0,084	0,084	0,081	0,836	0,843	0,830	0,795	0,816	0,943	0,084	0,084	0,083	0,086	0,082	0,082	0,805	0,849	0,824	0,786	0,880	0,859	0,083	0,083	0,084	0,090	0,082	0,085	0,889	0,912	0,897	0,884	0,857	0,931	0,082	0,082	0,082	0,082	0,085	0,084
21:30:19	37,0	0,820	0,858	0,841	0,863	0,856	0,907	0,083	0,084	0,083	0,082	0,081	0,083	0,798	0,820	0,805	0,794	0,799	0,897	0,084	0,084	0,083	0,084	0,084	0,082	0,810	0,829	0,830	0,790	0,808	0,899	0,084	0,084	0,084	0,083	0,084	0,081	0,797	0,811	0,806	0,728	0,811	0,871	0,086	0,085	0,082	0,082	0,084	0,083	0,807	0,825	0,817	0,797	0,798	0,894	0,083	0,082	0,082	0,084	0,084	0,081	0,835	0,843	0,831	0,795	0,815	0,943	0,084	0,084	0,083	0,085	0,082	0,082	0,803	0,849	0,823	0,786	0,880	0,858	0,083	0,083	0,084	0,090	0,082	0,085	0,889	0,911	0,897	0,884	0,858	0,930	0,082	0,082	0,082	0,082	0,085	0,084
21:40:19	37,0	0,820	0,856	0,839	0,863	0,856	0,905	0,083	0,084	0,083	0,082	0,081	0,083	0,797	0,819	0,804	0,795	0,798	0,895	0,084	0,084	0,083	0,084	0,084	0,082	0,811	0,831	0,830	0,791	0,807	0,899	0,084	0,084	0,084	0,083	0,084	0,081	0,798	0,811	0,804	0,727	0,810	0,873	0,086	0,085	0,082	0,082	0,084	0,083	0,807	0,825	0,817	0,795	0,800	0,893	0,083	0,082	0,082	0,084	0,084	0,081	0,833	0,843	0,831	0,793	0,814	0,943	0,084	0,084	0,083	0,085	0,083	0,082	0,805	0,847	0,822	0,785	0,879	0,857	0,083	0,083	0,084	0,090	0,082	0,085	0,890	0,910	0,894	0,885	0,858	0,931	0,082	0,083	0,082	0,082	0,085	0,084
21:50:19	37,0	0,817	0,858	0,840	0,865	0,857	0,905	0,083	0,084	0,083	0,082	0,081	0,083	0,795	0,820	0,805	0,796	0,799	0,898	0,084	0,084	0,083	0,084	0,084	0,082	0,811	0,826	0,830	0,791	0,806	0,896	0,084	0,084	0,083	0,082	0,084	0,081	0,797	0,809	0,804	0,727	0,814	0,872	0,085	0,085	0,082	0,082	0,084	0,082	0,806	0,824	0,816	0,796	0,797	0,891	0,083	0,082	0,082	0,084	0,084	0,081	0,832	0,840	0,829	0,791	0,814	0,941	0,084	0,083	0,083	0,085	0,082	0,082	0,806	0,848	0,824	0,786	0,879	0,856	0,083	0,083	0,083	0,090	0,082	0,085	0,885	0,908	0,896	0,886	0,860	0,927	0,082	0,082	0,082	0,081	0,085	0,084
22:00:19	37,0	0,818	0,858	0,844	0,866	0,858	0,904	0,083	0,084	0,083	0,082	0,081	0,083	0,793	0,820	0,806	0,797	0,795	0,899	0,084	0,084	0,083	0,084	0,084	0,082	0,809	0,828	0,830	0,789	0,803	0,899	0,084	0,084	0,084	0,083	0,084	0,081	0,799	0,809	0,804	0,724	0,814	0,870	0,086	0,085	0,082	0,082	0,084	0,082	0,808	0,822	0,816	0,796	0,795	0,893	0,083	0,082	0,082	0,084	0,084	0,081	0,833	0,840	0,828	0,792	0,814	0,942	0,084	0,083	0,083	0,085	0,082	0,082	0,807	0,848	0,823	0,786	0,879	0,857	0,083	0,083	0,084	0,090	0,082	0,085	0,886	0,910	0,895	0,887	0,858	0,930	0,082	0,082	0,082	0,082	0,085	0,084
22:10:19	37,0	0,817	0,857	0,842	0,866	0,857	0,904	0,083	0,084	0,083	0,082	0,081	0,083	0,793	0,820	0,806	0,797	0,795	0,900	0,084	0,084	0,083	0,084	0,084	0,082	0,809	0,826	0,830	0,788	0,804	0,897	0,084	0,084	0,083	0,081	0,084	0,081	0,799	0,809	0,803	0,724	0,813	0,868	0,085	0,085	0,082	0,082	0,084	0,083	0,808	0,822	0,815	0,795	0,795	0,891	0,083	0,082	0,082	0,084	0,084	0,081	0,833	0,841	0,829	0,792	0,814	0,941	0,084	0,084	0,083	0,086	0,082	0,082	0,806	0,847	0,824	0,784	0,879	0,855	0,083	0,083	0,084	0,090	0,082	0,085	0,885	0,909	0,895	0,887	0,859	0,928	0,082	0,082	0,082	0,081	0,085	0,084
22:20:19	37,0	0,817	0,858	0,842	0,866	0,857	0,902	0,083	0,084	0,083	0,082	0,081	0,083	0,794	0,819	0,806	0,794	0,795	0,899	0,084	0,084	0,083	0,084	0,084	0,082	0,809	0,828	0,831	0,786	0,803	0,895	0,084	0,084	0,084	0,081	0,084	0,081	0,799	0,808	0,805	0,723	0,812	0,867	0,086	0,085	0,082	0,082	0,084	0,085	0,807	0,822	0,815	0,795	0,794	0,890	0,083	0,082	0,082	0,084	0,084	0,081	0,831	0,841	0,829	0,792	0,813	0,941	0,084	0,084	0,083	0,086	0,082	0,082	0,805	0,846	0,821	0,784	0,879	0,854	0,083	0,083	0,084	0,090	0,082	0,085	0,886	0,909	0,895	0,888	0,858	0,929	0,082	0,082	0,082	0,082	0,085	0,084
22:30:19	37,0	0,819	0,857	0,840	0,866	0,858	0,904	0,083	0,084	0,083	0,082	0,081	0,083	0,794	0,818	0,804	0,795	0,793	0,898	0,084	0,084	0,083	0,084	0,084	0,082	0,810	0,829	0,829	0,786	0,801	0,894	0,084	0,084	0,083	0,081	0,084	0,081	0,800	0,808	0,805	0,721	0,813	0,867	0,086	0,085	0,082	0,082	0,084	0,085	0,805	0,822	0,815	0,794	0,794	0,891	0,083	0,082	0,082	0,084	0,084	0,081	0,831	0,842	0,830	0,790	0,811	0,942	0,084	0,084	0,083	0,086	0,082	0,082	0,806	0,845	0,820	0,785	0,877	0,854	0,083	0,083	0,084	0,090	0,082	0,085	0,887	0,909	0,895	0,888	0,858	0,929	0,082	0,082	0,082	0,082	0,085	0,084
22:40:19	37,0	0,817	0,858	0,841	0,866	0,857	0,901	0,083	0,084	0,083	0,082	0,081	0,083	0,793	0,818	0,805	0,794	0,793	0,897	0,084	0,084	0,083	0,084	0,084	0,082	0,811	0,827	0,829	0,785	0,801	0,893	0,084	0,084	0,084	0,081	0,084	0,081	0,799	0,808	0,805	0,722	0,811	0,864	0,086	0,085	0,082	0,082	0,084	0,085	0,806	0,822	0,815	0,794	0,793	0,890	0,083	0,082	0,082	0,084	0,084	0,081	0,832	0,841	0,830	0,789	0,811	0,940	0,084	0,084	0,083	0,085	0,082	0,082	0,805	0,845	0,821	0,784	0,877	0,851	0,083	0,083	0,084	0,090	0,082	0,085	0,885	0,909	0,894	0,889	0,859	0,925	0,082	0,082	0,082	0,082	0,085	0,084
22:50:19	37,0	0,817	0,857	0,838	0,865	0,856	0,901	0,083	0,084	0,083	0,082	0,081	0,083	0,795	0,819	0,804	0,795	0,792	0,895	0,084	0,084	0,083	0,084	0,084	0,082	0,811	0,828	0,829	0,784	0,800	0,892	0,084	0,084	0,083	0,081	0,084	0,081	0,799	0,808	0,804	0,721	0,810	0,864	0,085	0,085	0,082	0,082	0,084	0,085	0,806	0,822	0,816	0,794	0,792	0,890	0,083	0,082	0,082	0,084	0,084	0,081	0,833	0,841	0,829	0,789	0,811	0,938	0,084	0,083	0,083	0,085	0,082	0,082	0,805	0,845	0,819	0,782	0,875	0,852	0,083	0,083	0,084	0,090	0,082	0,085	0,883	0,908	0,892	0,890	0,857	0,925	0,082	0,082	0,082	0,082	0,085	0,084
23:00:19	37,0	0,816	0,857	0,840	0,867	0,858	0,901	0,083	0,084	0,083	0,082	0,081	0,083	0,794	0,819	0,805	0,797	0,791	0,896	0,084	0,084	0,083	0,084	0,084	0,082	0,811	0,826	0,828	0,783	0,799	0,893	0,084	0,084	0,084	0,081	0,084	0,081	0,799	0,806	0,803	0,719	0,811	0,863	0,085	0,085	0,082	0,082	0,084	0,085	0,807	0,821	0,816	0,793	0,791	0,889	0,083	0,082	0,083	0,084	0,084	0,082	0,833	0,839	0,828	0,789	0,810	0,940	0,084	0,084	0,083	0,086	0,083	0,082	0,806	0,845	0,821	0,783	0,876	0,851	0,083	0,083	0,084	0,090	0,082	0,085	0,880	0,909	0,892	0,891	0,858	0,926	0,082	0,083	0,082	0,082	0,085	0,084
23:10:19	37,0	0,816	0,858	0,841	0,867	0,858	0,900	0,083	0,084	0,083	0,082	0,081	0,083	0,793	0,818	0,806	0,799	0,788	0,894	0,084	0,084	0,083	0,084	0,084	0,082	0,810	0,828	0,828	0,783	0,800	0,893	0,084	0,084	0,083	0,081	0,084	0,081	0,799	0,808	0,803	0,718	0,811	0,861	0,085	0,085	0,082	0,082	0,084	0,085	0,808	0,820	0,816	0,792	0,787	0,889	0,083	0,082	0,082	0,084	0,084	0,081	0,831	0,840	0,828	0,789	0,810	0,939	0,084	0,083	0,083	0,085	0,082	0,082	0,806	0,845	0,821	0,784	0,874	0,853	0,083	0,083	0,084	0,090	0,082	0,085	0,880	0,908	0,890	0,890	0,858	0,924	0,082	0,082	0,082	0,081	0,085	0,084
23:20:19	37,0	0,816	0,858	0,842	0,867	0,856	0,899	0,083	0,084	0,083	0,082	0,081	0,083	0,792	0,819	0,806	0,800	0,790	0,892	0,084	0,084	0,083	0,084	0,084	0,082	0,810	0,827	0,828	0,782	0,799	0,891	0,084	0,084	0,084	0,081	0,084	0,081	0,801	0,808	0,804	0,717	0,812	0,859	0,086	0,085	0,082	0,082	0,084	0,085	0,808	0,821	0,815	0,791	0,788	0,889	0,083	0,082	0,082	0,084	0,084	0,081	0,832	0,840	0,829	0,789	0,809	0,939	0,084	0,084	0,083	0,085	0,082	0,082	0,805	0,846	0,821	0,782	0,874	0,852	0,083	0,083	0,084	0,090	0,082	0,085	0,881	0,907	0,889	0,890	0,858	0,923	0,082	0,082	0,082	0,082	0,085	0,084
23:30:19	37,0	0,817	0,857	0,841	0,865	0,855	0,899	0,083	0,084	0,083	0,082	0,081	0,083	0,794	0,819	0,804	0,798	0,789	0,890	0,084	0,084	0,083	0,084	0,084	0,082	0,811	0,827	0,829	0,781	0,799	0,889	0,084	0,084	0,084	0,081	0,084	0,081	0,799	0,807	0,803	0,717	0,810	0,858	0,085	0,085	0,082	0,082	0,084	0,085	0,808	0,822	0,815	0,790	0,789	0,887	0,083	0,082	0,082	0,084	0,084	0,081	0,832	0,840	0,829	0,787	0,809	0,939	0,084	0,084	0,083	0,085	0,082	0,082	0,805	0,844	0,818	0,781	0,874	0,851	0,083	0,083	0,084	0,090	0,082	0,085	0,880	0,908	0,888	0,890	0,856	0,922	0,082	0,082	0,082	0,082	0,085	0,084