Time	TOpticalDensity600	A1	A2	A3	A4	A5	A6	A7	A8	A9	A10	A11	A12	B1	B2	B3	B4	B5	B6	B7	B8	B9	B10	B11	B12	C1	C2	C3	C4	C5	C6	C7	C8	C9	C10	C11	C12	D1	D2	D3	D4	D5	D6	D7	D8	D9	D10	D11	D12	E1	E2	E3	E4	E5	E6	E7	E8	E9	E10	E11	E12	F1	F2	F3	F4	F5	F6	F7	F8	F9	F10	F11	F12	G1	G2	G3	G4	G5	G6	G7	G8	G9	G10	G11	G12	H1	H2	H3	H4	H5	H6	H7	H8	H9	H10	H11	H12
0:00:19	27,2	0,085	0,087	0,088	0,086	0,087	0,087	0,088	0,087	0,088	0,085	0,086	0,088	0,087	0,087	0,089	0,087	0,088	0,087	0,090	0,089	0,086	0,087	0,088	0,086	0,086	0,087	0,087	0,087	0,087	0,087	0,088	0,088	0,087	0,085	0,088	0,087	0,086	0,087	0,087	0,086	0,088	0,088	0,088	0,087	0,086	0,087	0,088	0,088	0,087	0,088	0,088	0,088	0,088	0,088	0,089	0,087	0,086	0,088	0,089	0,086	0,087	0,088	0,088	0,088	0,088	0,088	0,091	0,095	0,090	0,093	0,086	0,087	0,092	0,089	0,089	0,088	0,089	0,089	0,095	0,090	0,088	0,087	0,090	0,086	0,089	0,089	0,089	0,089	0,090	0,091	0,087	0,087	0,088	0,087	0,088	0,088
0:10:19	37,0	0,085	0,087	0,088	0,086	0,086	0,087	0,088	0,087	0,088	0,085	0,086	0,088	0,087	0,087	0,089	0,087	0,088	0,087	0,090	0,088	0,086	0,086	0,088	0,086	0,086	0,087	0,087	0,087	0,086	0,087	0,088	0,088	0,087	0,085	0,088	0,087	0,086	0,087	0,087	0,086	0,087	0,088	0,087	0,087	0,086	0,087	0,088	0,088	0,087	0,088	0,087	0,088	0,088	0,088	0,089	0,086	0,085	0,087	0,088	0,086	0,087	0,088	0,088	0,087	0,088	0,088	0,090	0,094	0,089	0,093	0,086	0,087	0,092	0,089	0,089	0,088	0,089	0,089	0,095	0,089	0,087	0,087	0,089	0,086	0,089	0,088	0,089	0,089	0,089	0,090	0,086	0,087	0,087	0,087	0,087	0,088
0:20:19	37,0	0,085	0,087	0,088	0,086	0,086	0,087	0,088	0,087	0,087	0,085	0,086	0,088	0,087	0,087	0,089	0,086	0,088	0,087	0,089	0,088	0,086	0,087	0,088	0,086	0,086	0,087	0,088	0,087	0,086	0,087	0,087	0,088	0,087	0,085	0,089	0,087	0,086	0,087	0,087	0,086	0,087	0,088	0,087	0,086	0,086	0,087	0,088	0,088	0,087	0,087	0,088	0,088	0,088	0,087	0,089	0,086	0,085	0,087	0,088	0,086	0,087	0,088	0,088	0,087	0,088	0,088	0,090	0,094	0,089	0,092	0,086	0,087	0,092	0,089	0,089	0,088	0,089	0,089	0,095	0,089	0,087	0,087	0,089	0,086	0,089	0,088	0,089	0,088	0,089	0,090	0,086	0,087	0,087	0,087	0,087	0,088
0:30:19	37,0	0,086	0,088	0,089	0,086	0,086	0,088	0,088	0,087	0,087	0,085	0,086	0,089	0,087	0,087	0,089	0,087	0,088	0,087	0,089	0,088	0,086	0,087	0,088	0,086	0,087	0,088	0,088	0,087	0,086	0,087	0,087	0,088	0,087	0,085	0,089	0,087	0,086	0,087	0,088	0,086	0,088	0,088	0,087	0,087	0,086	0,087	0,088	0,088	0,087	0,088	0,088	0,088	0,088	0,088	0,089	0,086	0,085	0,088	0,089	0,086	0,088	0,088	0,088	0,088	0,088	0,088	0,090	0,095	0,089	0,093	0,087	0,087	0,092	0,089	0,090	0,088	0,089	0,090	0,095	0,089	0,087	0,087	0,089	0,086	0,090	0,089	0,090	0,089	0,089	0,091	0,086	0,087	0,087	0,087	0,088	0,089
0:40:19	37,0	0,087	0,088	0,090	0,087	0,087	0,088	0,088	0,088	0,087	0,086	0,087	0,089	0,088	0,088	0,090	0,087	0,089	0,088	0,090	0,089	0,087	0,088	0,089	0,087	0,088	0,088	0,089	0,088	0,087	0,087	0,088	0,089	0,087	0,086	0,089	0,088	0,087	0,088	0,089	0,087	0,088	0,089	0,088	0,087	0,086	0,087	0,089	0,088	0,088	0,089	0,089	0,088	0,089	0,088	0,089	0,087	0,086	0,088	0,090	0,087	0,089	0,089	0,089	0,088	0,089	0,089	0,091	0,095	0,090	0,093	0,087	0,088	0,093	0,090	0,091	0,088	0,090	0,091	0,095	0,090	0,087	0,088	0,090	0,087	0,091	0,090	0,091	0,089	0,090	0,092	0,087	0,088	0,087	0,087	0,088	0,090
0:50:19	37,0	0,088	0,090	0,091	0,088	0,088	0,089	0,089	0,089	0,087	0,086	0,088	0,090	0,090	0,089	0,092	0,088	0,090	0,089	0,090	0,090	0,087	0,088	0,090	0,088	0,089	0,090	0,091	0,088	0,088	0,088	0,089	0,089	0,088	0,086	0,091	0,088	0,088	0,089	0,090	0,087	0,089	0,090	0,088	0,088	0,087	0,088	0,090	0,089	0,089	0,090	0,090	0,089	0,090	0,089	0,089	0,088	0,086	0,089	0,091	0,088	0,090	0,090	0,090	0,089	0,090	0,090	0,091	0,096	0,090	0,094	0,088	0,089	0,094	0,091	0,092	0,089	0,091	0,093	0,096	0,090	0,088	0,088	0,091	0,088	0,092	0,091	0,092	0,090	0,091	0,095	0,087	0,088	0,088	0,088	0,089	0,091
1:00:19	37,0	0,090	0,092	0,093	0,089	0,090	0,091	0,090	0,091	0,089	0,088	0,090	0,092	0,092	0,091	0,094	0,090	0,092	0,090	0,091	0,092	0,088	0,089	0,092	0,090	0,091	0,092	0,093	0,090	0,090	0,090	0,090	0,091	0,089	0,088	0,092	0,090	0,091	0,091	0,092	0,088	0,091	0,091	0,089	0,090	0,088	0,089	0,092	0,091	0,091	0,091	0,092	0,091	0,092	0,091	0,091	0,089	0,087	0,090	0,092	0,090	0,092	0,092	0,092	0,090	0,091	0,092	0,092	0,098	0,092	0,095	0,090	0,091	0,097	0,093	0,095	0,090	0,093	0,097	0,097	0,092	0,090	0,090	0,093	0,090	0,094	0,093	0,095	0,091	0,093	0,099	0,089	0,091	0,090	0,089	0,091	0,092
1:10:19	37,0	0,094	0,095	0,097	0,092	0,093	0,094	0,093	0,094	0,091	0,090	0,093	0,096	0,096	0,094	0,098	0,092	0,095	0,093	0,093	0,095	0,090	0,091	0,095	0,093	0,095	0,095	0,097	0,092	0,093	0,092	0,092	0,094	0,091	0,089	0,095	0,093	0,094	0,095	0,096	0,091	0,094	0,094	0,091	0,092	0,090	0,091	0,095	0,094	0,094	0,095	0,095	0,093	0,095	0,094	0,093	0,092	0,088	0,092	0,095	0,092	0,095	0,096	0,096	0,093	0,095	0,095	0,094	0,101	0,093	0,097	0,093	0,094	0,100	0,097	0,099	0,093	0,096	0,103	0,099	0,096	0,092	0,092	0,096	0,093	0,097	0,096	0,099	0,094	0,096	0,105	0,091	0,094	0,093	0,091	0,094	0,095
1:20:19	37,0	0,099	0,099	0,102	0,095	0,097	0,098	0,096	0,097	0,093	0,092	0,097	0,099	0,101	0,099	0,103	0,095	0,099	0,097	0,096	0,099	0,093	0,094	0,099	0,096	0,099	0,099	0,102	0,095	0,097	0,096	0,095	0,098	0,094	0,092	0,099	0,097	0,098	0,100	0,101	0,094	0,098	0,098	0,094	0,096	0,093	0,094	0,099	0,098	0,099	0,099	0,100	0,096	0,099	0,098	0,095	0,096	0,091	0,095	0,099	0,096	0,099	0,100	0,100	0,096	0,099	0,099	0,097	0,104	0,095	0,099	0,097	0,098	0,105	0,102	0,104	0,096	0,100	0,111	0,102	0,100	0,095	0,094	0,100	0,096	0,102	0,101	0,104	0,097	0,100	0,115	0,094	0,098	0,096	0,094	0,098	0,099
1:30:19	37,0	0,105	0,106	0,111	0,100	0,104	0,104	0,100	0,103	0,097	0,096	0,103	0,105	0,108	0,105	0,111	0,100	0,105	0,102	0,100	0,104	0,097	0,097	0,105	0,102	0,107	0,106	0,111	0,101	0,103	0,102	0,100	0,104	0,098	0,095	0,105	0,102	0,105	0,106	0,110	0,099	0,105	0,103	0,098	0,102	0,097	0,098	0,105	0,103	0,106	0,105	0,107	0,102	0,105	0,104	0,100	0,102	0,094	0,098	0,105	0,102	0,106	0,107	0,107	0,101	0,105	0,105	0,101	0,110	0,100	0,103	0,103	0,104	0,112	0,109	0,113	0,101	0,106	0,124	0,106	0,105	0,100	0,098	0,106	0,102	0,109	0,108	0,114	0,101	0,106	0,128	0,098	0,103	0,101	0,098	0,104	0,105
1:40:19	37,0	0,117	0,116	0,124	0,107	0,114	0,113	0,107	0,110	0,102	0,102	0,111	0,115	0,118	0,115	0,123	0,107	0,115	0,111	0,106	0,112	0,102	0,103	0,114	0,110	0,118	0,116	0,122	0,108	0,112	0,110	0,106	0,111	0,103	0,101	0,114	0,111	0,116	0,116	0,121	0,106	0,114	0,111	0,104	0,110	0,102	0,104	0,114	0,112	0,116	0,115	0,117	0,109	0,115	0,112	0,105	0,110	0,099	0,103	0,114	0,111	0,117	0,117	0,117	0,108	0,114	0,115	0,108	0,117	0,105	0,108	0,112	0,114	0,123	0,121	0,126	0,108	0,115	0,138	0,113	0,113	0,106	0,103	0,114	0,110	0,120	0,119	0,127	0,108	0,116	0,142	0,104	0,110	0,107	0,103	0,113	0,113
1:50:19	37,0	0,129	0,128	0,138	0,118	0,126	0,125	0,115	0,120	0,110	0,109	0,124	0,127	0,130	0,128	0,137	0,117	0,128	0,122	0,114	0,122	0,110	0,111	0,127	0,123	0,130	0,128	0,134	0,118	0,123	0,120	0,115	0,121	0,111	0,108	0,126	0,123	0,127	0,128	0,133	0,117	0,125	0,123	0,111	0,118	0,110	0,111	0,126	0,124	0,128	0,127	0,128	0,120	0,125	0,123	0,112	0,118	0,106	0,111	0,126	0,124	0,128	0,130	0,129	0,118	0,126	0,126	0,115	0,126	0,112	0,115	0,125	0,127	0,136	0,133	0,138	0,118	0,127	0,154	0,121	0,123	0,115	0,110	0,127	0,121	0,134	0,132	0,141	0,118	0,128	0,158	0,113	0,120	0,117	0,110	0,125	0,126
2:00:19	37,0	0,144	0,141	0,153	0,132	0,140	0,140	0,126	0,130	0,119	0,119	0,140	0,141	0,144	0,142	0,153	0,130	0,142	0,137	0,124	0,133	0,119	0,121	0,142	0,138	0,144	0,142	0,151	0,131	0,137	0,133	0,123	0,130	0,120	0,118	0,142	0,136	0,142	0,142	0,148	0,127	0,139	0,135	0,117	0,128	0,119	0,122	0,141	0,137	0,142	0,140	0,141	0,130	0,140	0,136	0,120	0,127	0,114	0,121	0,141	0,139	0,142	0,143	0,143	0,129	0,139	0,141	0,125	0,135	0,121	0,125	0,139	0,141	0,150	0,147	0,154	0,131	0,141	0,174	0,130	0,133	0,125	0,120	0,142	0,135	0,147	0,145	0,156	0,130	0,142	0,178	0,122	0,130	0,126	0,120	0,141	0,141
2:10:19	37,0	0,160	0,159	0,170	0,146	0,156	0,154	0,138	0,143	0,130	0,133	0,155	0,158	0,162	0,157	0,170	0,144	0,159	0,153	0,134	0,145	0,130	0,134	0,159	0,154	0,164	0,159	0,172	0,147	0,155	0,150	0,135	0,142	0,130	0,131	0,158	0,152	0,158	0,159	0,168	0,142	0,155	0,152	0,129	0,141	0,130	0,134	0,156	0,154	0,160	0,156	0,159	0,145	0,157	0,152	0,131	0,141	0,123	0,132	0,157	0,154	0,159	0,161	0,162	0,143	0,156	0,158	0,136	0,149	0,131	0,137	0,155	0,156	0,167	0,166	0,173	0,144	0,157	0,198	0,141	0,146	0,137	0,132	0,156	0,150	0,164	0,162	0,175	0,143	0,158	0,202	0,133	0,143	0,139	0,133	0,156	0,155
2:20:19	37,0	0,179	0,181	0,191	0,161	0,175	0,171	0,150	0,160	0,144	0,145	0,170	0,172	0,183	0,177	0,190	0,160	0,179	0,171	0,148	0,162	0,144	0,147	0,177	0,170	0,185	0,183	0,192	0,164	0,172	0,167	0,148	0,159	0,143	0,144	0,174	0,171	0,179	0,182	0,191	0,160	0,178	0,173	0,147	0,157	0,143	0,149	0,174	0,173	0,183	0,177	0,181	0,162	0,176	0,171	0,146	0,157	0,137	0,146	0,174	0,171	0,179	0,183	0,182	0,161	0,176	0,177	0,149	0,166	0,144	0,147	0,171	0,174	0,186	0,190	0,196	0,160	0,178	0,224	0,156	0,164	0,151	0,144	0,173	0,166	0,187	0,180	0,194	0,159	0,178	0,230	0,147	0,162	0,155	0,145	0,172	0,172
2:30:19	37,0	0,201	0,203	0,214	0,180	0,199	0,193	0,170	0,181	0,161	0,157	0,192	0,193	0,205	0,198	0,213	0,180	0,201	0,192	0,165	0,182	0,161	0,161	0,199	0,192	0,208	0,205	0,218	0,184	0,195	0,187	0,166	0,180	0,161	0,158	0,195	0,195	0,200	0,205	0,214	0,183	0,202	0,197	0,163	0,179	0,159	0,161	0,196	0,196	0,205	0,198	0,203	0,184	0,200	0,196	0,164	0,177	0,151	0,160	0,194	0,192	0,199	0,203	0,206	0,181	0,200	0,202	0,168	0,186	0,161	0,160	0,194	0,198	0,209	0,212	0,219	0,182	0,204	0,253	0,175	0,185	0,171	0,157	0,196	0,188	0,208	0,202	0,217	0,178	0,202	0,259	0,165	0,182	0,174	0,157	0,194	0,195
2:40:19	37,0	0,223	0,231	0,238	0,204	0,225	0,217	0,190	0,203	0,180	0,172	0,221	0,222	0,228	0,223	0,239	0,203	0,230	0,217	0,187	0,204	0,180	0,174	0,226	0,220	0,235	0,234	0,248	0,208	0,227	0,211	0,189	0,203	0,180	0,171	0,224	0,226	0,222	0,234	0,241	0,210	0,233	0,223	0,183	0,202	0,178	0,174	0,224	0,228	0,232	0,225	0,232	0,206	0,228	0,224	0,184	0,198	0,171	0,172	0,222	0,219	0,225	0,232	0,235	0,206	0,227	0,231	0,189	0,208	0,180	0,176	0,222	0,228	0,234	0,241	0,242	0,207	0,234	0,282	0,196	0,208	0,191	0,174	0,225	0,214	0,234	0,228	0,245	0,202	0,229	0,287	0,186	0,206	0,196	0,172	0,223	0,225
2:50:19	37,0	0,245	0,257	0,262	0,229	0,254	0,247	0,212	0,232	0,202	0,192	0,249	0,254	0,252	0,248	0,263	0,234	0,260	0,247	0,209	0,235	0,202	0,192	0,258	0,251	0,258	0,259	0,274	0,236	0,255	0,238	0,211	0,231	0,202	0,188	0,257	0,259	0,242	0,260	0,271	0,237	0,268	0,253	0,206	0,229	0,200	0,194	0,253	0,262	0,260	0,251	0,262	0,234	0,257	0,256	0,208	0,224	0,190	0,191	0,251	0,249	0,251	0,256	0,266	0,234	0,257	0,261	0,211	0,235	0,201	0,195	0,251	0,259	0,258	0,266	0,268	0,235	0,264	0,312	0,220	0,238	0,216	0,193	0,256	0,244	0,258	0,252	0,272	0,229	0,260	0,320	0,210	0,235	0,223	0,192	0,253	0,258
3:00:19	37,0	0,268	0,286	0,284	0,254	0,280	0,271	0,242	0,256	0,229	0,214	0,279	0,282	0,280	0,271	0,288	0,261	0,290	0,275	0,237	0,261	0,229	0,216	0,287	0,282	0,280	0,291	0,304	0,264	0,283	0,263	0,238	0,258	0,230	0,210	0,286	0,291	0,265	0,291	0,304	0,264	0,297	0,278	0,234	0,253	0,225	0,214	0,279	0,294	0,291	0,283	0,297	0,263	0,286	0,282	0,235	0,248	0,214	0,214	0,279	0,276	0,281	0,284	0,296	0,262	0,287	0,289	0,239	0,261	0,226	0,217	0,281	0,286	0,283	0,296	0,296	0,264	0,296	0,334	0,250	0,263	0,243	0,217	0,283	0,272	0,288	0,282	0,300	0,257	0,290	0,341	0,238	0,259	0,251	0,214	0,279	0,290
3:10:19	37,0	0,288	0,314	0,311	0,280	0,305	0,302	0,267	0,274	0,254	0,239	0,291	0,298	0,304	0,296	0,313	0,291	0,318	0,302	0,258	0,284	0,255	0,239	0,299	0,297	0,307	0,320	0,334	0,293	0,312	0,288	0,261	0,278	0,256	0,234	0,299	0,308	0,288	0,324	0,334	0,288	0,331	0,312	0,256	0,275	0,251	0,237	0,292	0,312	0,319	0,314	0,335	0,292	0,313	0,320	0,256	0,270	0,237	0,238	0,292	0,289	0,312	0,312	0,320	0,290	0,313	0,319	0,262	0,280	0,250	0,242	0,295	0,296	0,308	0,328	0,325	0,291	0,325	0,353	0,272	0,286	0,266	0,241	0,297	0,286	0,321	0,311	0,332	0,283	0,320	0,359	0,260	0,282	0,273	0,238	0,291	0,300
3:20:19	37,0	0,317	0,339	0,341	0,300	0,324	0,323	0,286	0,295	0,278	0,262	0,301	0,305	0,331	0,321	0,340	0,317	0,338	0,324	0,283	0,306	0,276	0,261	0,311	0,309	0,330	0,352	0,367	0,317	0,334	0,309	0,286	0,303	0,278	0,254	0,310	0,321	0,313	0,349	0,365	0,317	0,364	0,341	0,273	0,299	0,272	0,259	0,303	0,328	0,345	0,347	0,370	0,319	0,337	0,343	0,276	0,293	0,256	0,262	0,304	0,300	0,342	0,346	0,342	0,315	0,337	0,341	0,282	0,304	0,271	0,263	0,305	0,309	0,330	0,355	0,350	0,316	0,347	0,369	0,293	0,308	0,288	0,265	0,312	0,298	0,352	0,338	0,362	0,308	0,343	0,379	0,281	0,303	0,297	0,261	0,306	0,318
3:30:19	37,0	0,341	0,360	0,366	0,321	0,344	0,344	0,302	0,311	0,298	0,270	0,311	0,322	0,360	0,343	0,375	0,337	0,357	0,344	0,301	0,326	0,298	0,272	0,320	0,321	0,356	0,380	0,402	0,337	0,352	0,330	0,305	0,318	0,297	0,268	0,320	0,330	0,339	0,376	0,390	0,344	0,399	0,368	0,295	0,321	0,293	0,273	0,315	0,342	0,365	0,372	0,404	0,340	0,356	0,361	0,294	0,313	0,278	0,277	0,315	0,314	0,374	0,375	0,364	0,338	0,363	0,358	0,302	0,323	0,290	0,276	0,315	0,323	0,359	0,382	0,375	0,338	0,368	0,378	0,313	0,327	0,308	0,277	0,323	0,314	0,382	0,363	0,392	0,329	0,364	0,390	0,296	0,322	0,317	0,273	0,318	0,341
3:40:19	37,0	0,366	0,387	0,388	0,341	0,360	0,368	0,319	0,325	0,316	0,278	0,323	0,340	0,387	0,374	0,404	0,350	0,375	0,358	0,314	0,341	0,318	0,280	0,332	0,336	0,380	0,403	0,433	0,355	0,364	0,343	0,322	0,335	0,320	0,277	0,332	0,341	0,362	0,402	0,409	0,369	0,433	0,383	0,309	0,341	0,310	0,287	0,328	0,353	0,392	0,401	0,435	0,356	0,373	0,378	0,304	0,334	0,295	0,287	0,323	0,330	0,406	0,408	0,396	0,356	0,377	0,374	0,320	0,339	0,307	0,285	0,325	0,334	0,384	0,416	0,398	0,357	0,384	0,385	0,329	0,345	0,327	0,286	0,335	0,327	0,414	0,394	0,419	0,347	0,382	0,401	0,309	0,338	0,332	0,282	0,327	0,354
3:50:19	37,0	0,388	0,403	0,411	0,357	0,368	0,388	0,331	0,337	0,327	0,285	0,332	0,354	0,407	0,401	0,422	0,369	0,384	0,370	0,328	0,355	0,334	0,290	0,343	0,350	0,403	0,424	0,456	0,372	0,373	0,350	0,334	0,354	0,336	0,286	0,345	0,351	0,381	0,425	0,426	0,389	0,447	0,393	0,325	0,361	0,323	0,298	0,343	0,366	0,418	0,424	0,458	0,372	0,389	0,392	0,314	0,351	0,311	0,299	0,336	0,340	0,430	0,438	0,419	0,373	0,391	0,388	0,336	0,353	0,325	0,297	0,338	0,345	0,415	0,440	0,419	0,373	0,399	0,393	0,346	0,359	0,346	0,295	0,344	0,338	0,439	0,421	0,440	0,363	0,396	0,409	0,330	0,350	0,347	0,289	0,340	0,370
4:00:19	37,0	0,403	0,418	0,421	0,372	0,374	0,396	0,344	0,345	0,338	0,295	0,343	0,370	0,424	0,419	0,433	0,383	0,393	0,376	0,340	0,361	0,353	0,297	0,358	0,371	0,422	0,445	0,468	0,384	0,380	0,359	0,344	0,373	0,350	0,298	0,356	0,362	0,400	0,443	0,435	0,403	0,444	0,401	0,338	0,378	0,333	0,308	0,354	0,383	0,436	0,435	0,473	0,386	0,397	0,404	0,324	0,359	0,325	0,310	0,348	0,353	0,448	0,453	0,433	0,387	0,402	0,399	0,347	0,363	0,341	0,312	0,347	0,356	0,435	0,456	0,430	0,388	0,409	0,398	0,359	0,367	0,357	0,309	0,356	0,354	0,456	0,437	0,454	0,377	0,405	0,415	0,346	0,361	0,358	0,302	0,355	0,387
4:10:19	37,0	0,415	0,423	0,430	0,385	0,386	0,397	0,352	0,351	0,348	0,303	0,350	0,385	0,435	0,432	0,441	0,394	0,402	0,385	0,350	0,370	0,359	0,307	0,366	0,384	0,432	0,457	0,476	0,392	0,389	0,368	0,355	0,382	0,357	0,310	0,364	0,372	0,406	0,455	0,446	0,416	0,451	0,408	0,342	0,391	0,340	0,323	0,360	0,393	0,447	0,444	0,480	0,393	0,403	0,410	0,332	0,365	0,337	0,321	0,356	0,364	0,458	0,459	0,443	0,394	0,407	0,407	0,356	0,371	0,353	0,324	0,356	0,364	0,448	0,465	0,435	0,396	0,412	0,401	0,370	0,377	0,364	0,317	0,362	0,371	0,466	0,447	0,458	0,387	0,412	0,418	0,355	0,367	0,365	0,312	0,361	0,405
4:20:19	37,0	0,419	0,427	0,433	0,393	0,392	0,404	0,358	0,358	0,355	0,311	0,357	0,396	0,441	0,441	0,448	0,398	0,407	0,397	0,355	0,381	0,367	0,313	0,373	0,389	0,441	0,466	0,482	0,399	0,396	0,378	0,361	0,388	0,364	0,318	0,370	0,387	0,414	0,468	0,456	0,426	0,450	0,420	0,352	0,400	0,348	0,330	0,367	0,403	0,457	0,454	0,487	0,401	0,410	0,416	0,333	0,372	0,350	0,332	0,364	0,380	0,463	0,470	0,452	0,400	0,412	0,413	0,365	0,376	0,359	0,336	0,364	0,372	0,454	0,472	0,442	0,404	0,419	0,407	0,380	0,384	0,372	0,326	0,370	0,378	0,472	0,453	0,460	0,391	0,417	0,421	0,361	0,375	0,373	0,325	0,368	0,426
4:30:19	37,1	0,424	0,431	0,437	0,401	0,394	0,405	0,364	0,364	0,361	0,316	0,363	0,409	0,444	0,447	0,451	0,404	0,411	0,402	0,361	0,387	0,372	0,322	0,381	0,396	0,445	0,472	0,485	0,401	0,406	0,384	0,368	0,394	0,368	0,326	0,376	0,402	0,417	0,471	0,458	0,434	0,454	0,429	0,354	0,405	0,357	0,340	0,372	0,415	0,459	0,461	0,487	0,404	0,414	0,420	0,343	0,377	0,361	0,343	0,371	0,383	0,465	0,474	0,460	0,406	0,413	0,422	0,369	0,384	0,367	0,346	0,371	0,380	0,461	0,478	0,444	0,410	0,421	0,413	0,387	0,387	0,377	0,339	0,378	0,384	0,474	0,459	0,463	0,397	0,422	0,428	0,371	0,383	0,376	0,336	0,373	0,436
4:40:19	37,0	0,423	0,437	0,440	0,398	0,398	0,405	0,370	0,364	0,369	0,323	0,371	0,410	0,447	0,452	0,456	0,412	0,420	0,408	0,366	0,392	0,377	0,326	0,387	0,408	0,449	0,477	0,489	0,411	0,416	0,387	0,374	0,397	0,372	0,336	0,381	0,426	0,423	0,476	0,463	0,440	0,460	0,437	0,357	0,409	0,362	0,348	0,380	0,432	0,464	0,465	0,487	0,411	0,424	0,425	0,348	0,382	0,368	0,350	0,377	0,394	0,468	0,481	0,469	0,416	0,421	0,434	0,375	0,389	0,375	0,356	0,379	0,387	0,467	0,483	0,448	0,415	0,429	0,420	0,395	0,393	0,384	0,348	0,384	0,393	0,476	0,465	0,467	0,401	0,427	0,431	0,381	0,388	0,384	0,346	0,378	0,441
4:50:19	37,0	0,432	0,440	0,442	0,403	0,404	0,405	0,373	0,367	0,373	0,326	0,378	0,420	0,454	0,457	0,459	0,423	0,427	0,415	0,373	0,396	0,380	0,333	0,394	0,419	0,451	0,481	0,488	0,421	0,424	0,395	0,379	0,399	0,378	0,348	0,386	0,439	0,424	0,480	0,467	0,443	0,465	0,446	0,361	0,409	0,368	0,358	0,385	0,444	0,467	0,469	0,490	0,422	0,433	0,429	0,355	0,384	0,373	0,363	0,385	0,401	0,470	0,484	0,472	0,427	0,432	0,445	0,379	0,391	0,381	0,362	0,384	0,398	0,469	0,486	0,452	0,422	0,436	0,423	0,399	0,395	0,387	0,358	0,391	0,400	0,477	0,469	0,470	0,408	0,430	0,436	0,383	0,389	0,386	0,353	0,385	0,445
5:00:19	37,0	0,438	0,446	0,446	0,412	0,407	0,406	0,375	0,372	0,374	0,330	0,384	0,430	0,456	0,462	0,463	0,432	0,433	0,419	0,379	0,399	0,381	0,340	0,402	0,430	0,457	0,487	0,491	0,434	0,431	0,397	0,380	0,401	0,384	0,360	0,393	0,448	0,429	0,484	0,471	0,446	0,470	0,453	0,367	0,409	0,373	0,366	0,394	0,456	0,471	0,471	0,493	0,433	0,440	0,434	0,364	0,387	0,377	0,375	0,391	0,406	0,472	0,489	0,475	0,438	0,441	0,453	0,381	0,395	0,384	0,370	0,393	0,411	0,474	0,489	0,458	0,425	0,444	0,430	0,403	0,399	0,389	0,368	0,398	0,407	0,480	0,472	0,473	0,412	0,434	0,442	0,387	0,394	0,388	0,363	0,394	0,454
5:10:19	37,0	0,439	0,448	0,450	0,415	0,411	0,408	0,381	0,373	0,378	0,335	0,390	0,435	0,460	0,464	0,466	0,439	0,436	0,422	0,385	0,402	0,384	0,346	0,411	0,440	0,461	0,488	0,495	0,443	0,437	0,403	0,384	0,402	0,388	0,369	0,399	0,459	0,433	0,486	0,475	0,450	0,473	0,457	0,375	0,411	0,377	0,373	0,398	0,458	0,474	0,476	0,496	0,442	0,447	0,437	0,371	0,392	0,378	0,388	0,397	0,408	0,475	0,491	0,478	0,444	0,448	0,461	0,385	0,401	0,387	0,373	0,398	0,426	0,477	0,493	0,458	0,432	0,452	0,435	0,406	0,404	0,393	0,374	0,406	0,413	0,482	0,477	0,476	0,417	0,438	0,447	0,388	0,398	0,392	0,373	0,398	0,464
5:20:19	37,0	0,444	0,456	0,454	0,422	0,418	0,414	0,385	0,379	0,382	0,339	0,396	0,446	0,466	0,469	0,470	0,448	0,444	0,428	0,391	0,405	0,387	0,352	0,417	0,443	0,468	0,491	0,499	0,449	0,445	0,411	0,387	0,405	0,393	0,381	0,407	0,471	0,439	0,488	0,479	0,454	0,478	0,462	0,382	0,413	0,382	0,385	0,404	0,463	0,476	0,479	0,499	0,448	0,455	0,442	0,378	0,394	0,383	0,399	0,402	0,417	0,478	0,491	0,484	0,454	0,456	0,470	0,391	0,404	0,389	0,379	0,405	0,443	0,482	0,497	0,461	0,438	0,460	0,441	0,410	0,406	0,397	0,384	0,411	0,422	0,484	0,481	0,477	0,421	0,438	0,453	0,394	0,403	0,395	0,379	0,402	0,477
5:30:19	37,0	0,447	0,463	0,460	0,420	0,428	0,418	0,389	0,380	0,388	0,347	0,405	0,462	0,471	0,472	0,472	0,455	0,450	0,435	0,397	0,409	0,389	0,357	0,422	0,447	0,472	0,493	0,501	0,459	0,454	0,422	0,391	0,408	0,399	0,386	0,413	0,478	0,444	0,495	0,485	0,459	0,483	0,467	0,388	0,417	0,387	0,396	0,411	0,464	0,480	0,483	0,504	0,456	0,463	0,447	0,383	0,398	0,386	0,408	0,409	0,426	0,482	0,495	0,488	0,460	0,464	0,478	0,395	0,409	0,392	0,383	0,413	0,455	0,484	0,500	0,465	0,449	0,467	0,445	0,414	0,411	0,401	0,389	0,416	0,428	0,488	0,486	0,482	0,427	0,445	0,460	0,399	0,405	0,398	0,382	0,412	0,493
5:40:19	37,0	0,449	0,463	0,461	0,429	0,433	0,427	0,392	0,388	0,388	0,356	0,410	0,467	0,475	0,478	0,477	0,464	0,450	0,435	0,401	0,412	0,392	0,360	0,425	0,458	0,476	0,497	0,506	0,469	0,460	0,426	0,397	0,412	0,403	0,391	0,417	0,478	0,449	0,498	0,486	0,464	0,489	0,475	0,393	0,420	0,393	0,404	0,417	0,469	0,483	0,487	0,503	0,464	0,471	0,454	0,387	0,398	0,392	0,416	0,413	0,433	0,485	0,498	0,493	0,465	0,471	0,487	0,398	0,415	0,397	0,387	0,418	0,465	0,490	0,504	0,468	0,451	0,474	0,450	0,417	0,412	0,405	0,397	0,420	0,435	0,493	0,488	0,484	0,430	0,451	0,466	0,401	0,408	0,401	0,382	0,422	0,497
5:50:19	37,0	0,456	0,465	0,463	0,434	0,438	0,430	0,392	0,391	0,391	0,363	0,420	0,468	0,480	0,483	0,481	0,472	0,459	0,442	0,404	0,416	0,394	0,366	0,430	0,461	0,481	0,500	0,506	0,475	0,467	0,435	0,402	0,414	0,407	0,396	0,421	0,480	0,453	0,499	0,490	0,467	0,495	0,482	0,399	0,422	0,398	0,410	0,420	0,473	0,487	0,492	0,506	0,470	0,476	0,461	0,393	0,404	0,394	0,417	0,418	0,449	0,485	0,501	0,498	0,472	0,477	0,495	0,403	0,416	0,400	0,392	0,423	0,469	0,493	0,507	0,471	0,463	0,478	0,457	0,419	0,417	0,408	0,403	0,428	0,441	0,493	0,491	0,487	0,437	0,459	0,473	0,406	0,411	0,409	0,391	0,432	0,498
6:00:19	37,0	0,456	0,471	0,465	0,447	0,443	0,441	0,398	0,392	0,394	0,370	0,420	0,472	0,483	0,485	0,484	0,478	0,464	0,449	0,409	0,420	0,399	0,370	0,436	0,466	0,485	0,504	0,509	0,480	0,475	0,446	0,407	0,418	0,412	0,399	0,428	0,481	0,457	0,500	0,494	0,473	0,501	0,487	0,404	0,427	0,403	0,417	0,426	0,476	0,490	0,493	0,508	0,477	0,484	0,467	0,399	0,410	0,398	0,419	0,423	0,464	0,491	0,502	0,500	0,478	0,482	0,502	0,407	0,421	0,404	0,401	0,430	0,472	0,498	0,511	0,474	0,471	0,483	0,466	0,423	0,419	0,414	0,403	0,435	0,449	0,498	0,496	0,490	0,442	0,467	0,479	0,409	0,414	0,411	0,398	0,438	0,500
6:10:19	37,0	0,461	0,477	0,471	0,447	0,453	0,442	0,402	0,396	0,393	0,381	0,426	0,480	0,488	0,487	0,492	0,484	0,468	0,455	0,415	0,424	0,401	0,373	0,444	0,474	0,489	0,508	0,513	0,488	0,481	0,453	0,413	0,422	0,417	0,404	0,437	0,481	0,463	0,505	0,499	0,480	0,509	0,493	0,411	0,432	0,410	0,428	0,435	0,486	0,493	0,497	0,516	0,484	0,494	0,470	0,407	0,412	0,403	0,419	0,428	0,480	0,494	0,507	0,505	0,484	0,489	0,510	0,411	0,427	0,410	0,412	0,435	0,480	0,501	0,518	0,479	0,474	0,491	0,472	0,427	0,420	0,417	0,406	0,442	0,454	0,500	0,501	0,494	0,449	0,473	0,489	0,412	0,418	0,416	0,402	0,448	0,507
6:20:19	37,0	0,468	0,478	0,476	0,456	0,465	0,454	0,407	0,403	0,397	0,387	0,433	0,490	0,493	0,492	0,494	0,493	0,474	0,462	0,421	0,429	0,405	0,379	0,455	0,480	0,494	0,510	0,517	0,494	0,487	0,460	0,417	0,427	0,423	0,412	0,447	0,485	0,468	0,507	0,504	0,485	0,512	0,497	0,418	0,439	0,415	0,443	0,446	0,493	0,499	0,501	0,519	0,491	0,502	0,474	0,412	0,414	0,405	0,427	0,441	0,490	0,497	0,511	0,507	0,491	0,498	0,518	0,416	0,431	0,415	0,429	0,444	0,488	0,507	0,520	0,483	0,478	0,498	0,482	0,430	0,424	0,420	0,412	0,451	0,460	0,504	0,504	0,496	0,457	0,482	0,495	0,415	0,422	0,420	0,407	0,457	0,511
6:30:19	37,0	0,474	0,484	0,480	0,466	0,469	0,462	0,409	0,406	0,400	0,392	0,435	0,502	0,498	0,494	0,496	0,495	0,481	0,466	0,426	0,433	0,412	0,389	0,465	0,486	0,497	0,514	0,519	0,500	0,493	0,466	0,422	0,432	0,427	0,421	0,457	0,488	0,472	0,510	0,510	0,487	0,520	0,504	0,424	0,443	0,420	0,449	0,454	0,491	0,499	0,505	0,523	0,497	0,506	0,481	0,417	0,419	0,409	0,428	0,452	0,500	0,498	0,517	0,511	0,499	0,499	0,524	0,421	0,437	0,421	0,442	0,454	0,498	0,510	0,527	0,484	0,490	0,506	0,488	0,434	0,430	0,426	0,416	0,463	0,464	0,508	0,509	0,501	0,463	0,489	0,499	0,419	0,424	0,424	0,411	0,466	0,518
6:40:19	37,1	0,479	0,485	0,483	0,469	0,476	0,461	0,413	0,410	0,400	0,400	0,440	0,508	0,502	0,501	0,498	0,502	0,488	0,472	0,432	0,439	0,417	0,401	0,476	0,492	0,501	0,518	0,523	0,507	0,502	0,474	0,428	0,438	0,434	0,429	0,467	0,493	0,476	0,516	0,511	0,490	0,525	0,511	0,431	0,448	0,426	0,457	0,462	0,493	0,504	0,511	0,526	0,500	0,511	0,486	0,423	0,423	0,411	0,432	0,464	0,510	0,505	0,521	0,515	0,506	0,501	0,533	0,426	0,444	0,427	0,454	0,465	0,507	0,515	0,532	0,487	0,500	0,510	0,495	0,439	0,433	0,432	0,423	0,472	0,471	0,513	0,511	0,504	0,469	0,497	0,506	0,423	0,429	0,429	0,413	0,472	0,524
6:50:19	37,0	0,486	0,489	0,487	0,477	0,479	0,466	0,416	0,413	0,403	0,407	0,447	0,515	0,506	0,507	0,503	0,506	0,496	0,478	0,436	0,443	0,424	0,411	0,483	0,499	0,505	0,522	0,531	0,515	0,510	0,481	0,435	0,444	0,438	0,433	0,474	0,497	0,480	0,521	0,518	0,497	0,528	0,517	0,439	0,456	0,432	0,466	0,468	0,502	0,507	0,517	0,526	0,506	0,517	0,493	0,429	0,428	0,413	0,435	0,473	0,518	0,508	0,525	0,517	0,510	0,507	0,543	0,432	0,452	0,434	0,463	0,477	0,512	0,519	0,536	0,493	0,499	0,517	0,498	0,443	0,439	0,436	0,432	0,481	0,478	0,515	0,516	0,508	0,478	0,507	0,511	0,426	0,434	0,435	0,416	0,481	0,532
7:00:19	37,0	0,486	0,492	0,490	0,486	0,486	0,470	0,422	0,417	0,405	0,414	0,454	0,522	0,509	0,514	0,507	0,512	0,504	0,483	0,443	0,447	0,430	0,420	0,488	0,510	0,508	0,528	0,529	0,523	0,516	0,486	0,439	0,448	0,442	0,438	0,480	0,506	0,486	0,526	0,526	0,502	0,531	0,524	0,443	0,459	0,438	0,471	0,478	0,509	0,510	0,523	0,532	0,513	0,522	0,498	0,433	0,433	0,417	0,441	0,481	0,523	0,510	0,529	0,523	0,516	0,510	0,550	0,437	0,461	0,440	0,477	0,487	0,515	0,519	0,540	0,496	0,509	0,522	0,505	0,447	0,445	0,442	0,438	0,490	0,485	0,520	0,520	0,511	0,485	0,515	0,519	0,429	0,437	0,441	0,421	0,489	0,534
7:10:19	37,0	0,491	0,495	0,495	0,485	0,492	0,478	0,429	0,419	0,411	0,421	0,463	0,531	0,514	0,519	0,511	0,521	0,507	0,490	0,447	0,452	0,433	0,429	0,493	0,521	0,510	0,534	0,533	0,529	0,523	0,493	0,443	0,452	0,448	0,444	0,488	0,512	0,489	0,529	0,528	0,509	0,536	0,530	0,449	0,463	0,444	0,475	0,490	0,521	0,514	0,527	0,536	0,518	0,529	0,503	0,440	0,441	0,422	0,447	0,486	0,529	0,512	0,537	0,526	0,525	0,517	0,555	0,444	0,467	0,446	0,487	0,496	0,522	0,522	0,544	0,499	0,516	0,525	0,509	0,451	0,450	0,448	0,443	0,498	0,493	0,524	0,527	0,515	0,492	0,523	0,524	0,434	0,444	0,448	0,427	0,496	0,541
7:20:19	37,0	0,494	0,499	0,501	0,490	0,499	0,480	0,435	0,425	0,416	0,426	0,475	0,542	0,519	0,522	0,514	0,530	0,513	0,496	0,450	0,459	0,437	0,437	0,504	0,532	0,514	0,537	0,539	0,537	0,529	0,500	0,451	0,459	0,456	0,450	0,496	0,521	0,493	0,533	0,529	0,513	0,541	0,535	0,457	0,469	0,450	0,478	0,497	0,525	0,518	0,532	0,540	0,524	0,534	0,507	0,447	0,449	0,428	0,450	0,499	0,538	0,515	0,542	0,533	0,533	0,520	0,564	0,449	0,474	0,452	0,496	0,505	0,531	0,525	0,547	0,504	0,521	0,526	0,513	0,457	0,456	0,454	0,450	0,504	0,499	0,526	0,533	0,519	0,500	0,527	0,534	0,438	0,450	0,454	0,431	0,502	0,549
7:30:19	37,0	0,501	0,506	0,505	0,497	0,507	0,486	0,441	0,434	0,418	0,431	0,482	0,548	0,521	0,525	0,517	0,536	0,518	0,500	0,454	0,465	0,444	0,442	0,512	0,539	0,518	0,539	0,541	0,541	0,537	0,507	0,457	0,461	0,461	0,454	0,507	0,529	0,499	0,540	0,530	0,517	0,547	0,541	0,462	0,475	0,456	0,484	0,505	0,538	0,520	0,538	0,542	0,529	0,540	0,512	0,453	0,452	0,432	0,456	0,501	0,545	0,519	0,545	0,538	0,540	0,523	0,572	0,454	0,481	0,459	0,506	0,513	0,539	0,527	0,553	0,509	0,530	0,533	0,518	0,462	0,462	0,459	0,456	0,514	0,507	0,530	0,537	0,522	0,509	0,535	0,541	0,443	0,452	0,460	0,436	0,510	0,557
7:40:19	37,0	0,509	0,511	0,510	0,505	0,515	0,498	0,449	0,440	0,421	0,437	0,490	0,553	0,526	0,533	0,522	0,541	0,525	0,505	0,460	0,470	0,450	0,449	0,519	0,548	0,523	0,544	0,545	0,548	0,543	0,514	0,462	0,468	0,465	0,459	0,514	0,534	0,504	0,546	0,534	0,527	0,554	0,548	0,468	0,481	0,463	0,489	0,516	0,549	0,524	0,542	0,547	0,536	0,547	0,517	0,460	0,460	0,437	0,463	0,510	0,555	0,523	0,550	0,543	0,546	0,528	0,579	0,460	0,489	0,467	0,512	0,523	0,550	0,536	0,557	0,511	0,533	0,538	0,523	0,467	0,470	0,465	0,463	0,520	0,513	0,534	0,541	0,525	0,515	0,542	0,545	0,450	0,458	0,466	0,441	0,516	0,566
7:50:19	37,0	0,513	0,518	0,515	0,520	0,523	0,507	0,456	0,448	0,428	0,444	0,500	0,561	0,533	0,536	0,525	0,548	0,529	0,509	0,466	0,476	0,457	0,457	0,527	0,550	0,527	0,550	0,548	0,555	0,548	0,519	0,469	0,473	0,470	0,466	0,522	0,537	0,508	0,551	0,538	0,531	0,560	0,554	0,477	0,486	0,470	0,494	0,522	0,553	0,529	0,548	0,549	0,539	0,553	0,523	0,467	0,465	0,441	0,469	0,512	0,563	0,528	0,556	0,544	0,553	0,531	0,586	0,465	0,495	0,472	0,519	0,535	0,559	0,540	0,562	0,518	0,530	0,544	0,530	0,472	0,472	0,470	0,469	0,530	0,519	0,536	0,547	0,531	0,521	0,548	0,551	0,456	0,464	0,473	0,448	0,522	0,575
8:00:19	37,0	0,518	0,522	0,519	0,529	0,534	0,509	0,457	0,451	0,432	0,454	0,506	0,569	0,537	0,544	0,530	0,559	0,536	0,512	0,470	0,481	0,463	0,464	0,533	0,557	0,529	0,553	0,552	0,562	0,551	0,525	0,477	0,478	0,475	0,472	0,530	0,540	0,512	0,558	0,542	0,538	0,565	0,558	0,483	0,492	0,475	0,495	0,529	0,564	0,532	0,554	0,553	0,541	0,559	0,526	0,471	0,469	0,447	0,476	0,519	0,568	0,531	0,562	0,549	0,558	0,536	0,590	0,473	0,502	0,477	0,528	0,541	0,568	0,543	0,566	0,522	0,540	0,548	0,532	0,478	0,479	0,476	0,476	0,533	0,524	0,540	0,551	0,533	0,528	0,553	0,557	0,460	0,470	0,479	0,455	0,527	0,580
8:10:19	37,0	0,521	0,527	0,522	0,536	0,536	0,511	0,459	0,453	0,440	0,462	0,512	0,566	0,541	0,548	0,537	0,561	0,539	0,517	0,474	0,486	0,469	0,468	0,540	0,567	0,533	0,557	0,556	0,566	0,557	0,531	0,481	0,482	0,478	0,478	0,536	0,549	0,517	0,561	0,547	0,544	0,569	0,563	0,489	0,498	0,479	0,501	0,534	0,576	0,537	0,558	0,557	0,546	0,564	0,530	0,477	0,476	0,452	0,478	0,527	0,577	0,535	0,568	0,553	0,561	0,540	0,599	0,479	0,510	0,483	0,536	0,551	0,578	0,547	0,572	0,524	0,543	0,550	0,538	0,483	0,482	0,481	0,483	0,538	0,533	0,543	0,559	0,536	0,532	0,557	0,558	0,466	0,477	0,484	0,461	0,533	0,588
8:20:19	37,0	0,527	0,533	0,525	0,537	0,538	0,516	0,461	0,455	0,441	0,470	0,520	0,573	0,543	0,552	0,541	0,565	0,543	0,521	0,479	0,489	0,471	0,473	0,546	0,569	0,537	0,560	0,559	0,570	0,562	0,535	0,487	0,486	0,483	0,483	0,542	0,555	0,521	0,563	0,550	0,550	0,575	0,569	0,493	0,503	0,485	0,504	0,543	0,586	0,540	0,566	0,560	0,552	0,569	0,534	0,482	0,482	0,457	0,485	0,536	0,583	0,539	0,572	0,558	0,568	0,541	0,607	0,485	0,512	0,487	0,536	0,560	0,583	0,551	0,575	0,528	0,557	0,556	0,540	0,490	0,486	0,489	0,488	0,543	0,542	0,549	0,564	0,541	0,539	0,561	0,561	0,474	0,483	0,493	0,469	0,542	0,598
8:30:19	37,0	0,530	0,538	0,529	0,543	0,547	0,523	0,467	0,459	0,449	0,476	0,525	0,582	0,550	0,558	0,544	0,569	0,548	0,526	0,485	0,494	0,477	0,479	0,553	0,575	0,540	0,565	0,563	0,575	0,570	0,539	0,490	0,490	0,489	0,488	0,549	0,564	0,524	0,570	0,554	0,552	0,579	0,575	0,500	0,509	0,491	0,506	0,549	0,592	0,543	0,570	0,566	0,556	0,576	0,538	0,489	0,492	0,461	0,491	0,541	0,592	0,543	0,578	0,563	0,571	0,544	0,612	0,490	0,515	0,490	0,543	0,570	0,591	0,557	0,581	0,531	0,556	0,564	0,542	0,495	0,487	0,493	0,491	0,550	0,548	0,551	0,572	0,545	0,542	0,565	0,564	0,479	0,487	0,499	0,475	0,550	0,604
8:40:19	37,0	0,533	0,544	0,533	0,548	0,545	0,524	0,473	0,460	0,455	0,487	0,532	0,583	0,554	0,563	0,549	0,573	0,551	0,530	0,490	0,498	0,481	0,484	0,559	0,581	0,543	0,571	0,568	0,579	0,574	0,544	0,495	0,495	0,491	0,492	0,554	0,568	0,529	0,575	0,557	0,551	0,582	0,578	0,505	0,514	0,497	0,511	0,557	0,601	0,547	0,577	0,571	0,561	0,578	0,543	0,494	0,499	0,465	0,499	0,549	0,599	0,546	0,584	0,567	0,578	0,545	0,614	0,494	0,521	0,495	0,549	0,578	0,602	0,563	0,586	0,537	0,562	0,569	0,547	0,502	0,494	0,500	0,497	0,556	0,555	0,555	0,578	0,548	0,550	0,570	0,568	0,484	0,492	0,504	0,482	0,559	0,615
8:50:19	37,0	0,536	0,549	0,537	0,555	0,551	0,530	0,476	0,468	0,461	0,495	0,542	0,599	0,560	0,569	0,553	0,577	0,555	0,534	0,498	0,503	0,487	0,488	0,567	0,588	0,548	0,577	0,571	0,586	0,580	0,551	0,502	0,499	0,498	0,497	0,561	0,577	0,534	0,580	0,559	0,556	0,586	0,586	0,512	0,519	0,503	0,518	0,562	0,611	0,551	0,583	0,576	0,569	0,583	0,545	0,500	0,503	0,470	0,503	0,553	0,607	0,550	0,589	0,573	0,581	0,545	0,618	0,501	0,526	0,499	0,553	0,580	0,610	0,562	0,591	0,541	0,570	0,574	0,551	0,507	0,500	0,508	0,505	0,563	0,564	0,560	0,588	0,553	0,556	0,576	0,571	0,490	0,497	0,511	0,487	0,565	0,628
9:00:19	37,0	0,541	0,555	0,541	0,563	0,561	0,537	0,481	0,467	0,464	0,504	0,548	0,602	0,564	0,575	0,558	0,580	0,560	0,538	0,501	0,507	0,493	0,492	0,573	0,595	0,551	0,580	0,575	0,592	0,584	0,556	0,503	0,501	0,501	0,501	0,565	0,583	0,538	0,583	0,566	0,561	0,589	0,590	0,514	0,526	0,507	0,520	0,568	0,621	0,555	0,588	0,579	0,572	0,587	0,552	0,505	0,506	0,475	0,506	0,561	0,616	0,554	0,597	0,580	0,589	0,550	0,625	0,505	0,532	0,504	0,557	0,591	0,621	0,568	0,596	0,544	0,579	0,576	0,558	0,511	0,507	0,515	0,510	0,569	0,571	0,566	0,593	0,557	0,562	0,581	0,572	0,496	0,501	0,514	0,495	0,572	0,638
9:10:19	37,0	0,543	0,563	0,544	0,567	0,564	0,541	0,483	0,476	0,471	0,508	0,558	0,608	0,570	0,580	0,563	0,585	0,566	0,541	0,508	0,514	0,497	0,498	0,580	0,604	0,555	0,586	0,579	0,599	0,589	0,560	0,511	0,507	0,507	0,506	0,572	0,585	0,542	0,589	0,570	0,565	0,597	0,597	0,518	0,531	0,517	0,523	0,573	0,631	0,560	0,599	0,582	0,578	0,592	0,553	0,513	0,514	0,478	0,510	0,566	0,622	0,557	0,603	0,582	0,589	0,552	0,632	0,511	0,538	0,509	0,564	0,598	0,635	0,575	0,601	0,548	0,581	0,578	0,560	0,517	0,509	0,520	0,514	0,573	0,579	0,571	0,601	0,561	0,571	0,587	0,572	0,501	0,508	0,524	0,497	0,582	0,651
9:20:19	37,0	0,545	0,567	0,549	0,574	0,570	0,548	0,485	0,474	0,474	0,512	0,566	0,619	0,573	0,585	0,565	0,592	0,567	0,545	0,510	0,517	0,499	0,498	0,585	0,612	0,558	0,592	0,584	0,602	0,592	0,562	0,512	0,507	0,506	0,508	0,579	0,594	0,547	0,595	0,576	0,568	0,599	0,601	0,520	0,534	0,520	0,524	0,578	0,641	0,565	0,606	0,589	0,579	0,595	0,556	0,515	0,518	0,484	0,513	0,570	0,628	0,562	0,611	0,591	0,592	0,555	0,637	0,517	0,542	0,512	0,569	0,603	0,651	0,579	0,608	0,553	0,585	0,583	0,565	0,522	0,518	0,524	0,518	0,579	0,585	0,575	0,610	0,565	0,573	0,589	0,575	0,507	0,513	0,523	0,499	0,593	0,660
9:30:19	37,0	0,550	0,576	0,553	0,580	0,573	0,549	0,490	0,475	0,481	0,521	0,571	0,626	0,579	0,589	0,569	0,599	0,573	0,550	0,515	0,522	0,502	0,504	0,592	0,617	0,562	0,599	0,588	0,604	0,600	0,566	0,519	0,511	0,514	0,512	0,583	0,603	0,553	0,600	0,581	0,576	0,604	0,606	0,526	0,538	0,523	0,529	0,584	0,649	0,570	0,615	0,593	0,583	0,601	0,560	0,522	0,525	0,487	0,520	0,576	0,635	0,566	0,616	0,596	0,598	0,561	0,642	0,521	0,548	0,514	0,574	0,610	0,660	0,582	0,614	0,557	0,592	0,591	0,571	0,528	0,521	0,531	0,522	0,586	0,592	0,580	0,619	0,569	0,579	0,592	0,578	0,510	0,516	0,532	0,505	0,600	0,668
9:40:19	37,0	0,555	0,583	0,559	0,585	0,572	0,550	0,494	0,485	0,484	0,526	0,579	0,630	0,584	0,592	0,574	0,605	0,577	0,552	0,518	0,528	0,507	0,508	0,599	0,627	0,565	0,604	0,593	0,607	0,603	0,570	0,523	0,513	0,516	0,518	0,590	0,613	0,557	0,610	0,585	0,579	0,607	0,611	0,529	0,544	0,528	0,531	0,592	0,660	0,576	0,624	0,599	0,587	0,605	0,563	0,526	0,527	0,493	0,523	0,584	0,645	0,570	0,623	0,604	0,602	0,566	0,647	0,524	0,555	0,520	0,577	0,618	0,669	0,588	0,620	0,565	0,598	0,596	0,580	0,533	0,527	0,535	0,527	0,594	0,601	0,583	0,627	0,571	0,582	0,595	0,582	0,515	0,524	0,537	0,509	0,611	0,677
9:50:19	37,0	0,557	0,589	0,564	0,587	0,575	0,560	0,500	0,485	0,489	0,529	0,587	0,639	0,588	0,599	0,579	0,610	0,583	0,555	0,521	0,532	0,511	0,511	0,605	0,633	0,570	0,608	0,596	0,612	0,605	0,576	0,527	0,517	0,520	0,520	0,600	0,620	0,564	0,613	0,590	0,584	0,612	0,615	0,534	0,548	0,533	0,535	0,595	0,667	0,581	0,633	0,602	0,590	0,609	0,567	0,530	0,534	0,497	0,528	0,591	0,654	0,575	0,630	0,609	0,607	0,569	0,650	0,528	0,559	0,523	0,582	0,627	0,679	0,594	0,627	0,570	0,602	0,598	0,583	0,538	0,531	0,538	0,530	0,598	0,607	0,589	0,637	0,579	0,586	0,600	0,584	0,520	0,528	0,540	0,513	0,617	0,685
10:00:19	37,0	0,559	0,597	0,569	0,595	0,579	0,565	0,509	0,493	0,495	0,538	0,598	0,639	0,595	0,604	0,585	0,615	0,589	0,558	0,526	0,537	0,517	0,518	0,610	0,641	0,575	0,613	0,605	0,622	0,612	0,581	0,531	0,521	0,525	0,527	0,604	0,628	0,569	0,622	0,598	0,587	0,615	0,620	0,541	0,554	0,539	0,539	0,600	0,671	0,585	0,642	0,612	0,594	0,612	0,570	0,537	0,543	0,501	0,531	0,596	0,663	0,581	0,639	0,618	0,610	0,573	0,654	0,532	0,564	0,527	0,587	0,631	0,693	0,599	0,635	0,578	0,609	0,600	0,583	0,546	0,535	0,543	0,535	0,607	0,615	0,593	0,648	0,584	0,592	0,603	0,590	0,525	0,534	0,545	0,518	0,622	0,692
10:10:19	37,0	0,562	0,606	0,573	0,600	0,591	0,573	0,517	0,504	0,497	0,546	0,600	0,643	0,600	0,610	0,587	0,617	0,592	0,562	0,528	0,541	0,523	0,521	0,615	0,649	0,580	0,620	0,610	0,628	0,616	0,586	0,533	0,522	0,528	0,531	0,609	0,631	0,577	0,628	0,604	0,594	0,617	0,626	0,544	0,558	0,542	0,540	0,606	0,678	0,593	0,653	0,618	0,601	0,618	0,572	0,541	0,545	0,505	0,535	0,603	0,672	0,585	0,643	0,627	0,619	0,579	0,655	0,537	0,568	0,529	0,590	0,637	0,707	0,606	0,643	0,582	0,612	0,607	0,586	0,548	0,539	0,548	0,542	0,612	0,621	0,599	0,657	0,587	0,600	0,607	0,591	0,530	0,539	0,549	0,522	0,632	0,700
10:20:19	37,0	0,566	0,614	0,580	0,605	0,597	0,577	0,519	0,510	0,506	0,552	0,609	0,648	0,609	0,615	0,594	0,621	0,596	0,567	0,532	0,545	0,527	0,525	0,622	0,653	0,586	0,627	0,620	0,630	0,623	0,589	0,538	0,527	0,533	0,534	0,615	0,638	0,585	0,636	0,609	0,599	0,623	0,629	0,549	0,560	0,546	0,544	0,612	0,687	0,595	0,663	0,625	0,606	0,619	0,576	0,547	0,552	0,507	0,540	0,610	0,680	0,590	0,651	0,634	0,621	0,579	0,662	0,542	0,571	0,531	0,593	0,645	0,721	0,614	0,650	0,586	0,617	0,610	0,590	0,551	0,540	0,552	0,548	0,616	0,629	0,608	0,666	0,595	0,605	0,609	0,595	0,535	0,542	0,550	0,529	0,635	0,711
10:30:19	37,0	0,572	0,621	0,583	0,610	0,596	0,577	0,520	0,512	0,510	0,555	0,616	0,656	0,614	0,619	0,600	0,625	0,597	0,571	0,537	0,549	0,531	0,530	0,628	0,658	0,589	0,633	0,624	0,630	0,625	0,591	0,542	0,529	0,535	0,539	0,621	0,645	0,592	0,642	0,615	0,602	0,626	0,633	0,553	0,565	0,549	0,548	0,616	0,695	0,602	0,672	0,636	0,610	0,623	0,580	0,551	0,556	0,510	0,546	0,617	0,686	0,598	0,660	0,648	0,624	0,581	0,668	0,546	0,575	0,534	0,597	0,650	0,739	0,620	0,658	0,590	0,620	0,610	0,597	0,556	0,546	0,556	0,553	0,619	0,635	0,615	0,673	0,598	0,608	0,611	0,604	0,538	0,544	0,553	0,533	0,643	0,719
10:40:19	37,0	0,578	0,628	0,588	0,614	0,603	0,577	0,522	0,515	0,509	0,559	0,626	0,663	0,623	0,627	0,605	0,627	0,599	0,574	0,539	0,552	0,531	0,533	0,632	0,666	0,595	0,643	0,633	0,632	0,628	0,594	0,544	0,530	0,535	0,541	0,626	0,653	0,599	0,650	0,624	0,608	0,631	0,637	0,556	0,566	0,552	0,550	0,624	0,701	0,609	0,683	0,642	0,614	0,627	0,585	0,553	0,560	0,512	0,547	0,620	0,691	0,602	0,669	0,656	0,629	0,583	0,673	0,552	0,582	0,538	0,601	0,656	0,754	0,627	0,664	0,596	0,626	0,618	0,598	0,562	0,550	0,562	0,555	0,628	0,643	0,622	0,681	0,605	0,610	0,611	0,608	0,543	0,549	0,555	0,539	0,648	0,728
10:50:19	37,0	0,584	0,636	0,595	0,619	0,604	0,576	0,527	0,519	0,510	0,559	0,636	0,674	0,631	0,633	0,612	0,628	0,604	0,578	0,542	0,556	0,533	0,535	0,637	0,675	0,601	0,649	0,638	0,641	0,633	0,598	0,549	0,534	0,540	0,546	0,632	0,658	0,609	0,659	0,633	0,614	0,634	0,642	0,557	0,572	0,559	0,557	0,630	0,708	0,615	0,695	0,650	0,618	0,630	0,590	0,558	0,563	0,516	0,553	0,624	0,703	0,606	0,675	0,664	0,633	0,586	0,679	0,557	0,585	0,540	0,607	0,662	0,765	0,634	0,673	0,601	0,632	0,621	0,602	0,568	0,554	0,567	0,560	0,634	0,648	0,628	0,690	0,610	0,620	0,616	0,610	0,546	0,555	0,560	0,541	0,657	0,738
11:00:19	37,0	0,588	0,644	0,600	0,621	0,609	0,583	0,533	0,521	0,514	0,566	0,641	0,679	0,636	0,638	0,618	0,632	0,606	0,582	0,547	0,559	0,538	0,539	0,640	0,682	0,610	0,656	0,643	0,646	0,636	0,602	0,552	0,537	0,542	0,549	0,640	0,667	0,617	0,668	0,640	0,614	0,638	0,648	0,561	0,575	0,562	0,559	0,635	0,716	0,621	0,704	0,656	0,622	0,636	0,594	0,563	0,565	0,518	0,554	0,627	0,708	0,613	0,683	0,670	0,639	0,590	0,685	0,560	0,588	0,543	0,609	0,667	0,773	0,641	0,683	0,607	0,635	0,624	0,608	0,571	0,559	0,569	0,565	0,640	0,658	0,635	0,699	0,616	0,625	0,623	0,611	0,549	0,560	0,559	0,544	0,667	0,749
11:10:19	37,0	0,593	0,654	0,606	0,627	0,607	0,587	0,535	0,526	0,520	0,571	0,648	0,686	0,643	0,644	0,625	0,639	0,608	0,584	0,551	0,563	0,544	0,545	0,648	0,692	0,619	0,663	0,649	0,646	0,640	0,606	0,554	0,540	0,545	0,553	0,645	0,675	0,628	0,677	0,647	0,616	0,640	0,649	0,564	0,579	0,564	0,563	0,641	0,723	0,627	0,712	0,663	0,626	0,639	0,596	0,567	0,571	0,523	0,561	0,633	0,718	0,623	0,690	0,678	0,642	0,591	0,689	0,564	0,595	0,546	0,616	0,673	0,783	0,648	0,689	0,613	0,636	0,633	0,613	0,575	0,560	0,572	0,569	0,649	0,667	0,644	0,707	0,622	0,629	0,627	0,612	0,554	0,565	0,567	0,547	0,675	0,758
11:20:19	37,0	0,599	0,661	0,615	0,632	0,612	0,591	0,542	0,531	0,526	0,576	0,655	0,688	0,648	0,653	0,632	0,643	0,613	0,590	0,556	0,568	0,547	0,548	0,656	0,701	0,627	0,672	0,661	0,654	0,644	0,610	0,557	0,542	0,549	0,557	0,652	0,679	0,634	0,685	0,655	0,621	0,645	0,657	0,568	0,582	0,568	0,566	0,646	0,729	0,636	0,720	0,672	0,629	0,643	0,598	0,570	0,575	0,524	0,564	0,640	0,724	0,631	0,698	0,684	0,645	0,592	0,693	0,567	0,600	0,550	0,621	0,681	0,797	0,654	0,700	0,621	0,642	0,633	0,617	0,579	0,567	0,577	0,572	0,654	0,674	0,657	0,717	0,627	0,636	0,632	0,616	0,556	0,571	0,572	0,550	0,683	0,768
11:30:19	37,0	0,602	0,667	0,623	0,639	0,617	0,598	0,547	0,536	0,529	0,583	0,662	0,699	0,655	0,658	0,638	0,646	0,617	0,592	0,558	0,572	0,552	0,551	0,664	0,710	0,635	0,678	0,665	0,656	0,649	0,613	0,560	0,545	0,552	0,560	0,656	0,685	0,643	0,690	0,660	0,623	0,648	0,660	0,571	0,585	0,572	0,571	0,651	0,736	0,644	0,726	0,679	0,634	0,649	0,601	0,575	0,581	0,528	0,566	0,645	0,731	0,637	0,707	0,691	0,649	0,596	0,696	0,571	0,601	0,552	0,625	0,687	0,810	0,662	0,710	0,627	0,647	0,636	0,626	0,584	0,568	0,581	0,576	0,660	0,680	0,667	0,727	0,634	0,643	0,634	0,621	0,561	0,575	0,576	0,555	0,690	0,775
11:40:19	37,0	0,607	0,675	0,629	0,638	0,625	0,600	0,551	0,540	0,529	0,591	0,671	0,703	0,662	0,668	0,644	0,650	0,619	0,595	0,563	0,575	0,553	0,557	0,670	0,718	0,644	0,684	0,669	0,663	0,652	0,617	0,563	0,549	0,555	0,566	0,660	0,690	0,653	0,699	0,666	0,627	0,652	0,664	0,575	0,589	0,576	0,574	0,659	0,742	0,652	0,736	0,685	0,638	0,652	0,603	0,578	0,585	0,530	0,570	0,654	0,743	0,647	0,713	0,703	0,653	0,600	0,700	0,574	0,604	0,556	0,627	0,694	0,823	0,670	0,717	0,632	0,653	0,640	0,626	0,586	0,573	0,586	0,581	0,666	0,689	0,679	0,735	0,644	0,649	0,636	0,626	0,566	0,578	0,576	0,560	0,696	0,782
11:50:19	37,0	0,613	0,681	0,637	0,643	0,628	0,609	0,557	0,549	0,534	0,593	0,677	0,704	0,669	0,673	0,652	0,656	0,624	0,598	0,566	0,580	0,558	0,565	0,670	0,730	0,652	0,691	0,675	0,666	0,655	0,619	0,567	0,553	0,560	0,570	0,664	0,696	0,662	0,705	0,672	0,630	0,654	0,666	0,579	0,594	0,581	0,577	0,664	0,745	0,660	0,742	0,691	0,642	0,653	0,606	0,582	0,590	0,534	0,574	0,659	0,743	0,657	0,722	0,711	0,659	0,603	0,704	0,578	0,608	0,558	0,630	0,699	0,836	0,678	0,724	0,640	0,653	0,645	0,630	0,592	0,576	0,588	0,583	0,673	0,696	0,690	0,744	0,653	0,651	0,644	0,631	0,569	0,583	0,580	0,565	0,704	0,789
12:00:19	37,0	0,621	0,689	0,645	0,648	0,633	0,614	0,558	0,551	0,533	0,597	0,684	0,707	0,675	0,678	0,659	0,660	0,629	0,601	0,566	0,582	0,559	0,574	0,678	0,735	0,660	0,697	0,683	0,670	0,660	0,625	0,568	0,554	0,562	0,571	0,674	0,697	0,673	0,710	0,682	0,638	0,660	0,673	0,581	0,597	0,584	0,583	0,673	0,751	0,667	0,749	0,699	0,644	0,657	0,610	0,585	0,595	0,539	0,579	0,666	0,748	0,666	0,730	0,716	0,662	0,606	0,709	0,583	0,611	0,562	0,634	0,707	0,847	0,686	0,731	0,649	0,659	0,647	0,631	0,596	0,581	0,593	0,589	0,679	0,703	0,699	0,754	0,663	0,655	0,649	0,634	0,573	0,585	0,583	0,571	0,711	0,796
12:10:19	37,0	0,628	0,695	0,653	0,650	0,639	0,618	0,561	0,554	0,535	0,599	0,691	0,714	0,682	0,686	0,665	0,665	0,632	0,604	0,570	0,585	0,565	0,579	0,680	0,745	0,667	0,703	0,688	0,675	0,662	0,627	0,572	0,557	0,569	0,578	0,678	0,703	0,679	0,720	0,685	0,641	0,663	0,677	0,584	0,600	0,587	0,587	0,676	0,758	0,672	0,757	0,707	0,649	0,660	0,612	0,591	0,598	0,541	0,581	0,669	0,754	0,675	0,738	0,723	0,666	0,609	0,712	0,588	0,614	0,565	0,642	0,709	0,859	0,691	0,739	0,653	0,659	0,650	0,633	0,602	0,584	0,596	0,595	0,683	0,708	0,707	0,763	0,669	0,661	0,651	0,636	0,577	0,589	0,586	0,574	0,719	0,803
12:20:19	37,0	0,633	0,704	0,660	0,653	0,640	0,620	0,565	0,561	0,539	0,605	0,697	0,722	0,690	0,692	0,673	0,667	0,635	0,607	0,572	0,588	0,567	0,582	0,684	0,753	0,676	0,713	0,694	0,677	0,668	0,632	0,575	0,559	0,571	0,582	0,681	0,709	0,688	0,730	0,692	0,644	0,667	0,679	0,588	0,604	0,592	0,591	0,680	0,763	0,680	0,766	0,709	0,651	0,665	0,616	0,596	0,603	0,542	0,589	0,671	0,764	0,683	0,743	0,728	0,671	0,613	0,716	0,590	0,616	0,566	0,643	0,712	0,872	0,698	0,749	0,661	0,662	0,651	0,634	0,604	0,585	0,598	0,598	0,687	0,715	0,716	0,771	0,676	0,664	0,651	0,641	0,581	0,593	0,589	0,576	0,724	0,810
12:30:19	37,0	0,639	0,711	0,667	0,654	0,643	0,620	0,568	0,565	0,545	0,607	0,704	0,732	0,696	0,697	0,676	0,670	0,636	0,610	0,575	0,589	0,570	0,583	0,687	0,759	0,684	0,720	0,702	0,679	0,670	0,636	0,578	0,561	0,573	0,584	0,685	0,718	0,693	0,734	0,698	0,650	0,671	0,683	0,588	0,606	0,593	0,592	0,687	0,769	0,688	0,775	0,719	0,654	0,668	0,621	0,598	0,605	0,546	0,591	0,675	0,762	0,688	0,749	0,736	0,675	0,613	0,721	0,592	0,618	0,567	0,645	0,715	0,885	0,704	0,755	0,665	0,668	0,657	0,636	0,607	0,588	0,601	0,605	0,691	0,719	0,725	0,777	0,684	0,665	0,655	0,644	0,584	0,597	0,591	0,579	0,730	0,818
12:40:19	37,0	0,647	0,718	0,672	0,662	0,648	0,622	0,571	0,570	0,546	0,609	0,709	0,731	0,702	0,706	0,684	0,675	0,640	0,612	0,582	0,593	0,573	0,588	0,691	0,768	0,690	0,727	0,706	0,686	0,673	0,639	0,582	0,565	0,577	0,590	0,688	0,722	0,700	0,740	0,706	0,650	0,673	0,686	0,594	0,610	0,598	0,597	0,690	0,772	0,694	0,780	0,724	0,658	0,672	0,622	0,603	0,608	0,548	0,595	0,677	0,769	0,694	0,758	0,740	0,679	0,614	0,724	0,596	0,620	0,570	0,653	0,718	0,896	0,708	0,763	0,674	0,675	0,659	0,641	0,613	0,590	0,602	0,608	0,694	0,725	0,734	0,788	0,695	0,667	0,657	0,653	0,588	0,602	0,595	0,584	0,736	0,823
12:50:19	37,0	0,654	0,724	0,681	0,666	0,651	0,624	0,573	0,570	0,550	0,615	0,717	0,734	0,709	0,710	0,687	0,675	0,642	0,613	0,583	0,596	0,577	0,591	0,696	0,775	0,696	0,731	0,708	0,689	0,673	0,644	0,584	0,565	0,578	0,593	0,695	0,731	0,706	0,745	0,709	0,656	0,676	0,688	0,598	0,612	0,598	0,599	0,697	0,779	0,701	0,786	0,723	0,662	0,674	0,626	0,604	0,612	0,551	0,598	0,686	0,777	0,699	0,761	0,746	0,682	0,619	0,727	0,598	0,625	0,571	0,656	0,724	0,910	0,715	0,768	0,679	0,674	0,665	0,647	0,615	0,593	0,605	0,611	0,701	0,732	0,742	0,795	0,700	0,672	0,660	0,657	0,594	0,600	0,596	0,588	0,742	0,830
13:00:19	37,0	0,661	0,730	0,688	0,666	0,653	0,626	0,578	0,575	0,554	0,619	0,722	0,736	0,716	0,713	0,693	0,677	0,647	0,618	0,586	0,597	0,577	0,596	0,704	0,784	0,702	0,735	0,718	0,689	0,677	0,646	0,587	0,568	0,579	0,596	0,701	0,736	0,712	0,753	0,714	0,662	0,679	0,691	0,601	0,614	0,601	0,602	0,701	0,784	0,708	0,795	0,732	0,666	0,676	0,630	0,606	0,614	0,553	0,601	0,689	0,792	0,706	0,769	0,752	0,682	0,622	0,730	0,604	0,628	0,575	0,659	0,728	0,923	0,721	0,775	0,682	0,676	0,667	0,649	0,618	0,597	0,610	0,612	0,706	0,737	0,750	0,802	0,706	0,672	0,662	0,662	0,598	0,609	0,603	0,592	0,747	0,837
13:10:19	37,0	0,667	0,737	0,694	0,670	0,656	0,628	0,579	0,579	0,559	0,625	0,729	0,743	0,723	0,719	0,699	0,680	0,649	0,621	0,590	0,598	0,581	0,599	0,708	0,793	0,710	0,740	0,721	0,693	0,681	0,652	0,588	0,570	0,582	0,600	0,708	0,741	0,723	0,756	0,720	0,663	0,684	0,695	0,603	0,618	0,606	0,607	0,709	0,789	0,715	0,798	0,735	0,670	0,681	0,632	0,609	0,614	0,556	0,604	0,694	0,794	0,712	0,775	0,757	0,685	0,625	0,734	0,606	0,632	0,578	0,664	0,736	0,939	0,726	0,781	0,688	0,680	0,671	0,654	0,622	0,600	0,614	0,616	0,712	0,743	0,758	0,811	0,714	0,676	0,668	0,664	0,601	0,609	0,607	0,598	0,753	0,844
13:20:19	37,0	0,674	0,743	0,699	0,675	0,658	0,629	0,581	0,579	0,562	0,628	0,734	0,750	0,730	0,725	0,700	0,682	0,652	0,623	0,595	0,603	0,585	0,601	0,714	0,800	0,716	0,745	0,725	0,698	0,684	0,653	0,592	0,574	0,586	0,602	0,713	0,744	0,725	0,760	0,724	0,665	0,684	0,699	0,609	0,621	0,611	0,611	0,715	0,794	0,721	0,806	0,742	0,675	0,685	0,635	0,615	0,620	0,559	0,609	0,702	0,807	0,719	0,778	0,761	0,691	0,628	0,736	0,608	0,636	0,579	0,666	0,741	0,954	0,734	0,786	0,693	0,687	0,677	0,661	0,627	0,603	0,617	0,619	0,717	0,749	0,764	0,817	0,720	0,681	0,676	0,661	0,604	0,618	0,610	0,600	0,758	0,850
13:30:19	37,0	0,680	0,749	0,706	0,678	0,659	0,634	0,585	0,582	0,566	0,629	0,739	0,752	0,737	0,731	0,705	0,688	0,654	0,626	0,598	0,607	0,590	0,604	0,720	0,807	0,722	0,751	0,731	0,700	0,688	0,653	0,594	0,576	0,588	0,604	0,715	0,747	0,732	0,766	0,728	0,666	0,687	0,702	0,614	0,623	0,612	0,612	0,719	0,798	0,728	0,810	0,744	0,679	0,688	0,639	0,620	0,626	0,561	0,609	0,705	0,811	0,723	0,781	0,768	0,692	0,632	0,739	0,610	0,640	0,582	0,669	0,747	0,967	0,739	0,790	0,696	0,691	0,681	0,662	0,628	0,604	0,617	0,622	0,721	0,753	0,770	0,823	0,727	0,683	0,681	0,664	0,604	0,618	0,611	0,603	0,764	0,856
13:40:19	37,0	0,686	0,755	0,710	0,682	0,664	0,639	0,588	0,587	0,569	0,632	0,743	0,762	0,742	0,735	0,713	0,691	0,658	0,629	0,600	0,611	0,591	0,608	0,726	0,816	0,727	0,756	0,736	0,705	0,688	0,655	0,595	0,578	0,590	0,607	0,723	0,753	0,737	0,772	0,733	0,668	0,688	0,703	0,615	0,625	0,614	0,615	0,725	0,803	0,734	0,815	0,748	0,681	0,690	0,641	0,623	0,628	0,563	0,614	0,711	0,810	0,729	0,786	0,771	0,697	0,635	0,742	0,612	0,642	0,585	0,670	0,750	0,980	0,744	0,796	0,701	0,694	0,682	0,668	0,630	0,607	0,621	0,627	0,728	0,758	0,776	0,831	0,734	0,690	0,687	0,669	0,608	0,624	0,616	0,607	0,768	0,862
13:50:19	37,0	0,692	0,761	0,716	0,687	0,665	0,645	0,592	0,592	0,570	0,636	0,749	0,761	0,747	0,741	0,720	0,695	0,661	0,635	0,602	0,615	0,594	0,612	0,729	0,822	0,732	0,761	0,740	0,708	0,692	0,659	0,599	0,581	0,594	0,611	0,724	0,760	0,742	0,780	0,739	0,673	0,689	0,707	0,619	0,629	0,618	0,616	0,730	0,807	0,737	0,820	0,753	0,681	0,692	0,643	0,626	0,633	0,566	0,618	0,714	0,841	0,734	0,792	0,775	0,700	0,637	0,747	0,615	0,645	0,587	0,673	0,754	0,994	0,750	0,801	0,708	0,696	0,687	0,669	0,633	0,614	0,624	0,629	0,732	0,763	0,782	0,836	0,739	0,695	0,688	0,672	0,613	0,629	0,619	0,609	0,773	0,867
14:00:19	37,0	0,698	0,766	0,720	0,689	0,673	0,649	0,598	0,598	0,572	0,639	0,752	0,765	0,752	0,746	0,722	0,700	0,663	0,637	0,604	0,617	0,598	0,616	0,732	0,832	0,736	0,765	0,744	0,714	0,693	0,663	0,602	0,583	0,596	0,615	0,730	0,762	0,747	0,782	0,741	0,678	0,693	0,709	0,620	0,631	0,620	0,620	0,734	0,813	0,742	0,827	0,758	0,685	0,694	0,647	0,629	0,633	0,570	0,619	0,717	0,840	0,739	0,796	0,781	0,703	0,641	0,749	0,619	0,648	0,589	0,676	0,758	1,007	0,754	0,805	0,710	0,701	0,689	0,673	0,636	0,614	0,627	0,631	0,736	0,767	0,786	0,843	0,744	0,698	0,692	0,676	0,616	0,633	0,623	0,612	0,778	0,872
14:10:19	37,0	0,703	0,772	0,724	0,691	0,673	0,653	0,601	0,598	0,574	0,641	0,758	0,771	0,757	0,750	0,728	0,704	0,666	0,638	0,606	0,618	0,601	0,618	0,736	0,837	0,741	0,769	0,750	0,715	0,698	0,666	0,605	0,586	0,598	0,616	0,735	0,768	0,750	0,791	0,745	0,682	0,695	0,714	0,624	0,634	0,622	0,623	0,740	0,815	0,748	0,831	0,760	0,686	0,696	0,651	0,631	0,637	0,573	0,622	0,723	0,844	0,745	0,800	0,786	0,707	0,641	0,751	0,621	0,651	0,591	0,680	0,762	1,021	0,760	0,813	0,714	0,704	0,688	0,678	0,640	0,619	0,632	0,635	0,741	0,771	0,791	0,847	0,750	0,702	0,696	0,683	0,623	0,636	0,627	0,616	0,783	0,876
14:20:19	37,0	0,708	0,777	0,729	0,691	0,679	0,654	0,604	0,600	0,577	0,646	0,765	0,774	0,763	0,755	0,732	0,706	0,670	0,643	0,610	0,622	0,604	0,621	0,740	0,846	0,747	0,772	0,755	0,719	0,702	0,670	0,608	0,588	0,601	0,617	0,738	0,773	0,755	0,793	0,750	0,686	0,700	0,717	0,627	0,638	0,625	0,625	0,743	0,818	0,752	0,836	0,764	0,689	0,700	0,657	0,635	0,639	0,575	0,625	0,724	0,853	0,748	0,804	0,792	0,711	0,645	0,755	0,625	0,655	0,594	0,685	0,764	1,036	0,762	0,820	0,717	0,707	0,695	0,681	0,643	0,618	0,635	0,637	0,744	0,775	0,796	0,854	0,751	0,706	0,694	0,689	0,625	0,641	0,631	0,619	0,786	0,881
14:30:19	37,0	0,712	0,780	0,733	0,695	0,684	0,659	0,608	0,604	0,580	0,650	0,768	0,777	0,766	0,758	0,736	0,709	0,671	0,646	0,616	0,625	0,607	0,627	0,743	0,851	0,751	0,776	0,758	0,724	0,703	0,672	0,612	0,592	0,605	0,624	0,742	0,769	0,759	0,797	0,754	0,688	0,704	0,720	0,633	0,641	0,630	0,630	0,748	0,822	0,757	0,841	0,770	0,692	0,704	0,657	0,638	0,645	0,577	0,628	0,728	0,862	0,752	0,811	0,794	0,712	0,649	0,758	0,629	0,659	0,600	0,688	0,772	1,049	0,764	0,823	0,723	0,712	0,694	0,682	0,648	0,625	0,637	0,641	0,747	0,780	0,799	0,860	0,760	0,708	0,698	0,692	0,628	0,644	0,632	0,621	0,793	0,887
14:40:19	37,0	0,717	0,785	0,737	0,700	0,685	0,663	0,615	0,603	0,584	0,656	0,775	0,783	0,772	0,761	0,741	0,711	0,673	0,648	0,619	0,626	0,610	0,629	0,748	0,860	0,754	0,780	0,762	0,727	0,704	0,676	0,614	0,592	0,606	0,624	0,741	0,777	0,763	0,802	0,758	0,692	0,707	0,722	0,634	0,642	0,631	0,632	0,751	0,828	0,760	0,845	0,774	0,698	0,706	0,661	0,639	0,646	0,580	0,630	0,732	0,856	0,754	0,815	0,797	0,718	0,653	0,759	0,629	0,660	0,601	0,688	0,772	1,064	0,769	0,827	0,726	0,716	0,699	0,683	0,649	0,626	0,637	0,645	0,752	0,784	0,802	0,865	0,764	0,713	0,698	0,694	0,634	0,646	0,636	0,626	0,797	0,892
14:50:19	37,0	0,722	0,789	0,742	0,703	0,689	0,660	0,621	0,608	0,586	0,659	0,779	0,789	0,776	0,765	0,745	0,716	0,675	0,651	0,624	0,629	0,612	0,631	0,752	0,866	0,758	0,784	0,767	0,728	0,706	0,677	0,618	0,596	0,609	0,629	0,749	0,778	0,768	0,805	0,762	0,695	0,708	0,724	0,639	0,645	0,635	0,634	0,755	0,829	0,764	0,850	0,778	0,701	0,709	0,662	0,643	0,649	0,581	0,636	0,736	0,869	0,758	0,817	0,801	0,719	0,655	0,763	0,631	0,662	0,602	0,692	0,775	1,076	0,773	0,831	0,729	0,717	0,699	0,686	0,657	0,626	0,638	0,647	0,755	0,788	0,807	0,871	0,768	0,712	0,702	0,696	0,638	0,648	0,638	0,631	0,800	0,896
15:00:19	37,0	0,725	0,792	0,745	0,706	0,689	0,662	0,621	0,611	0,589	0,661	0,782	0,793	0,779	0,768	0,749	0,718	0,678	0,652	0,626	0,630	0,614	0,635	0,753	0,874	0,762	0,788	0,769	0,732	0,708	0,682	0,620	0,597	0,609	0,629	0,751	0,783	0,770	0,808	0,765	0,699	0,709	0,726	0,640	0,646	0,637	0,635	0,757	0,832	0,768	0,854	0,782	0,706	0,710	0,664	0,645	0,650	0,584	0,636	0,740	0,873	0,760	0,821	0,804	0,724	0,655	0,765	0,636	0,664	0,606	0,695	0,779	1,089	0,775	0,834	0,732	0,722	0,704	0,690	0,657	0,631	0,644	0,650	0,760	0,791	0,810	0,874	0,772	0,716	0,706	0,699	0,638	0,650	0,641	0,633	0,804	0,901
15:10:19	37,0	0,731	0,797	0,749	0,707	0,690	0,667	0,624	0,615	0,592	0,664	0,787	0,798	0,783	0,769	0,750	0,721	0,681	0,656	0,628	0,634	0,616	0,638	0,756	0,882	0,765	0,789	0,771	0,731	0,713	0,684	0,622	0,599	0,614	0,634	0,753	0,789	0,774	0,809	0,767	0,702	0,712	0,731	0,643	0,649	0,640	0,639	0,761	0,839	0,772	0,860	0,784	0,711	0,714	0,668	0,648	0,652	0,587	0,640	0,740	0,874	0,764	0,824	0,808	0,727	0,658	0,768	0,638	0,667	0,609	0,696	0,781	1,101	0,780	0,840	0,736	0,723	0,704	0,692	0,658	0,633	0,645	0,652	0,761	0,796	0,813	0,877	0,776	0,718	0,708	0,700	0,643	0,654	0,644	0,637	0,809	0,907
15:20:19	37,0	0,734	0,800	0,752	0,712	0,693	0,670	0,624	0,611	0,595	0,668	0,792	0,800	0,786	0,773	0,754	0,725	0,684	0,660	0,631	0,637	0,618	0,638	0,761	0,890	0,768	0,792	0,775	0,731	0,716	0,685	0,623	0,601	0,618	0,635	0,756	0,794	0,776	0,814	0,770	0,706	0,715	0,733	0,646	0,651	0,641	0,640	0,766	0,843	0,775	0,862	0,787	0,710	0,716	0,671	0,651	0,650	0,589	0,641	0,744	0,877	0,766	0,828	0,812	0,726	0,660	0,770	0,643	0,672	0,609	0,701	0,785	1,112	0,784	0,844	0,738	0,726	0,706	0,696	0,662	0,633	0,647	0,654	0,765	0,799	0,816	0,880	0,780	0,720	0,710	0,704	0,647	0,655	0,647	0,639	0,813	0,911
15:30:19	37,0	0,737	0,803	0,756	0,716	0,696	0,671	0,628	0,612	0,595	0,670	0,794	0,805	0,789	0,774	0,757	0,728	0,686	0,661	0,633	0,640	0,620	0,644	0,765	0,895	0,771	0,796	0,777	0,735	0,717	0,685	0,627	0,604	0,620	0,638	0,760	0,799	0,780	0,818	0,773	0,708	0,717	0,734	0,649	0,653	0,644	0,643	0,769	0,844	0,779	0,866	0,789	0,712	0,719	0,675	0,654	0,655	0,591	0,646	0,748	0,886	0,769	0,830	0,816	0,729	0,662	0,773	0,645	0,673	0,610	0,705	0,788	1,121	0,786	0,847	0,739	0,728	0,711	0,698	0,665	0,635	0,649	0,661	0,771	0,802	0,820	0,885	0,783	0,724	0,712	0,704	0,649	0,656	0,649	0,642	0,817	0,916
15:40:19	37,0	0,740	0,806	0,758	0,718	0,697	0,670	0,630	0,615	0,599	0,674	0,802	0,809	0,792	0,776	0,759	0,730	0,691	0,665	0,636	0,641	0,622	0,644	0,769	0,903	0,774	0,799	0,778	0,739	0,720	0,690	0,629	0,605	0,621	0,639	0,765	0,803	0,783	0,820	0,772	0,711	0,720	0,737	0,652	0,655	0,647	0,646	0,776	0,851	0,781	0,870	0,791	0,715	0,721	0,676	0,657	0,656	0,592	0,647	0,751	0,890	0,772	0,832	0,818	0,735	0,663	0,774	0,647	0,673	0,612	0,708	0,791	1,131	0,791	0,851	0,742	0,729	0,714	0,698	0,667	0,638	0,652	0,663	0,773	0,806	0,822	0,889	0,785	0,726	0,715	0,710	0,653	0,659	0,651	0,644	0,823	0,920
15:50:19	37,0	0,743	0,810	0,761	0,721	0,700	0,677	0,631	0,618	0,601	0,676	0,807	0,815	0,795	0,779	0,761	0,733	0,692	0,668	0,639	0,643	0,624	0,644	0,775	0,912	0,777	0,801	0,780	0,742	0,724	0,693	0,631	0,607	0,621	0,641	0,771	0,808	0,785	0,823	0,774	0,713	0,723	0,739	0,655	0,658	0,648	0,650	0,780	0,853	0,784	0,874	0,792	0,719	0,724	0,681	0,660	0,659	0,594	0,651	0,754	0,893	0,774	0,835	0,821	0,736	0,666	0,777	0,650	0,676	0,616	0,711	0,796	1,139	0,794	0,853	0,746	0,734	0,717	0,701	0,669	0,642	0,654	0,663	0,779	0,811	0,827	0,892	0,789	0,731	0,719	0,713	0,657	0,663	0,657	0,648	0,827	0,925
16:00:19	37,0	0,745	0,813	0,763	0,724	0,702	0,681	0,635	0,618	0,603	0,680	0,809	0,818	0,798	0,782	0,763	0,736	0,692	0,671	0,646	0,647	0,628	0,649	0,781	0,917	0,779	0,805	0,785	0,746	0,725	0,695	0,634	0,609	0,627	0,646	0,772	0,813	0,788	0,829	0,780	0,713	0,724	0,742	0,662	0,661	0,653	0,651	0,781	0,856	0,786	0,878	0,795	0,720	0,724	0,681	0,666	0,662	0,596	0,653	0,757	0,897	0,777	0,837	0,822	0,740	0,669	0,781	0,653	0,676	0,617	0,714	0,798	1,147	0,797	0,855	0,748	0,735	0,718	0,700	0,674	0,643	0,655	0,665	0,781	0,814	0,829	0,895	0,791	0,730	0,722	0,713	0,659	0,665	0,657	0,650	0,829	0,929
16:10:19	37,0	0,746	0,815	0,766	0,729	0,702	0,685	0,639	0,623	0,606	0,681	0,809	0,823	0,800	0,785	0,766	0,738	0,698	0,674	0,648	0,649	0,630	0,654	0,781	0,921	0,782	0,810	0,790	0,749	0,726	0,696	0,638	0,612	0,629	0,647	0,777	0,812	0,791	0,832	0,786	0,713	0,724	0,743	0,662	0,663	0,655	0,653	0,785	0,857	0,789	0,880	0,798	0,721	0,727	0,682	0,666	0,668	0,599	0,655	0,761	0,904	0,780	0,842	0,824	0,744	0,671	0,782	0,654	0,678	0,619	0,715	0,802	1,153	0,798	0,858	0,750	0,737	0,719	0,704	0,675	0,646	0,657	0,669	0,784	0,818	0,833	0,898	0,794	0,734	0,727	0,718	0,661	0,669	0,661	0,652	0,833	0,933
16:20:19	37,0	0,751	0,819	0,767	0,731	0,706	0,685	0,639	0,624	0,608	0,685	0,816	0,831	0,802	0,787	0,768	0,739	0,698	0,674	0,651	0,651	0,632	0,656	0,783	0,929	0,783	0,812	0,791	0,753	0,728	0,698	0,642	0,615	0,629	0,649	0,778	0,814	0,792	0,834	0,787	0,717	0,726	0,745	0,665	0,663	0,657	0,654	0,787	0,862	0,791	0,883	0,801	0,723	0,728	0,683	0,670	0,667	0,599	0,656	0,762	0,909	0,782	0,844	0,825	0,743	0,672	0,782	0,654	0,681	0,618	0,716	0,805	1,161	0,799	0,861	0,751	0,740	0,724	0,706	0,676	0,646	0,658	0,672	0,787	0,823	0,833	0,900	0,797	0,739	0,725	0,721	0,666	0,672	0,666	0,654	0,838	0,938
16:30:19	37,0	0,753	0,822	0,771	0,731	0,711	0,686	0,642	0,627	0,613	0,690	0,821	0,833	0,805	0,788	0,770	0,743	0,700	0,676	0,651	0,652	0,634	0,656	0,786	0,935	0,786	0,813	0,792	0,754	0,728	0,698	0,642	0,617	0,630	0,651	0,781	0,815	0,795	0,835	0,786	0,721	0,726	0,745	0,665	0,664	0,657	0,657	0,791	0,866	0,794	0,886	0,802	0,726	0,728	0,686	0,670	0,669	0,600	0,657	0,767	0,915	0,784	0,845	0,828	0,745	0,675	0,783	0,658	0,682	0,623	0,719	0,807	1,167	0,802	0,864	0,751	0,742	0,727	0,708	0,677	0,651	0,661	0,671	0,791	0,824	0,835	0,903	0,799	0,744	0,733	0,722	0,671	0,676	0,663	0,659	0,842	0,940
16:40:19	37,0	0,754	0,824	0,773	0,732	0,710	0,688	0,644	0,630	0,612	0,689	0,823	0,838	0,806	0,789	0,772	0,747	0,703	0,679	0,656	0,655	0,637	0,662	0,792	0,940	0,786	0,816	0,795	0,755	0,729	0,700	0,643	0,621	0,633	0,655	0,784	0,820	0,798	0,838	0,789	0,723	0,728	0,747	0,670	0,667	0,661	0,659	0,796	0,867	0,795	0,888	0,803	0,728	0,729	0,688	0,674	0,668	0,602	0,661	0,769	0,920	0,785	0,846	0,832	0,748	0,675	0,785	0,660	0,684	0,622	0,722	0,810	1,174	0,805	0,866	0,755	0,743	0,725	0,710	0,684	0,653	0,665	0,675	0,794	0,830	0,837	0,907	0,802	0,745	0,734	0,725	0,675	0,675	0,670	0,659	0,845	0,945
16:50:19	37,0	0,756	0,828	0,774	0,737	0,711	0,690	0,648	0,631	0,617	0,694	0,829	0,844	0,809	0,791	0,776	0,749	0,702	0,678	0,657	0,655	0,637	0,664	0,792	0,946	0,788	0,817	0,796	0,757	0,731	0,701	0,645	0,622	0,633	0,656	0,785	0,822	0,798	0,841	0,791	0,727	0,731	0,750	0,672	0,668	0,663	0,662	0,799	0,873	0,796	0,891	0,805	0,731	0,732	0,691	0,676	0,671	0,604	0,663	0,773	0,928	0,786	0,849	0,835	0,751	0,679	0,789	0,660	0,685	0,624	0,723	0,813	1,181	0,805	0,870	0,755	0,748	0,727	0,714	0,684	0,653	0,665	0,678	0,798	0,831	0,840	0,908	0,804	0,747	0,737	0,729	0,677	0,680	0,669	0,663	0,849	0,949
17:00:19	37,0	0,756	0,829	0,776	0,744	0,714	0,695	0,648	0,631	0,617	0,697	0,832	0,849	0,811	0,793	0,776	0,751	0,705	0,681	0,661	0,657	0,639	0,668	0,795	0,952	0,790	0,819	0,798	0,756	0,732	0,701	0,646	0,624	0,635	0,661	0,790	0,834	0,800	0,843	0,792	0,728	0,733	0,752	0,675	0,670	0,664	0,663	0,801	0,875	0,798	0,893	0,807	0,732	0,733	0,693	0,679	0,673	0,606	0,664	0,774	0,934	0,787	0,851	0,836	0,754	0,680	0,790	0,664	0,687	0,628	0,725	0,817	1,190	0,807	0,872	0,757	0,749	0,729	0,716	0,689	0,655	0,668	0,680	0,800	0,836	0,842	0,911	0,806	0,744	0,731	0,726	0,679	0,681	0,670	0,665	0,851	0,953
17:10:19	37,0	0,760	0,831	0,778	0,743	0,714	0,692	0,652	0,636	0,624	0,700	0,836	0,855	0,812	0,792	0,777	0,752	0,706	0,683	0,665	0,658	0,642	0,669	0,800	0,960	0,791	0,819	0,798	0,759	0,734	0,706	0,649	0,623	0,637	0,661	0,793	0,839	0,803	0,845	0,792	0,729	0,734	0,753	0,675	0,672	0,664	0,665	0,805	0,880	0,799	0,896	0,806	0,734	0,734	0,697	0,680	0,676	0,609	0,665	0,778	0,941	0,787	0,852	0,837	0,758	0,682	0,791	0,667	0,689	0,628	0,728	0,818	1,199	0,809	0,873	0,761	0,751	0,729	0,716	0,690	0,659	0,669	0,682	0,803	0,840	0,844	0,914	0,808	0,753	0,739	0,733	0,682	0,685	0,671	0,669	0,857	0,958
17:20:19	37,0	0,760	0,833	0,783	0,744	0,714	0,697	0,656	0,638	0,624	0,700	0,841	0,859	0,815	0,794	0,779	0,754	0,709	0,685	0,668	0,659	0,643	0,671	0,798	0,964	0,792	0,820	0,800	0,762	0,736	0,706	0,651	0,625	0,641	0,663	0,797	0,839	0,803	0,848	0,795	0,728	0,736	0,755	0,679	0,673	0,667	0,668	0,807	0,882	0,801	0,899	0,809	0,737	0,737	0,699	0,684	0,676	0,610	0,669	0,782	0,947	0,789	0,855	0,838	0,758	0,683	0,796	0,668	0,690	0,630	0,729	0,821	1,205	0,811	0,875	0,763	0,752	0,731	0,718	0,692	0,660	0,672	0,685	0,806	0,841	0,844	0,915	0,810	0,749	0,729	0,734	0,685	0,685	0,675	0,670	0,859	0,962
17:30:19	37,0	0,762	0,836	0,782	0,748	0,717	0,700	0,655	0,637	0,626	0,706	0,846	0,865	0,816	0,795	0,782	0,755	0,708	0,687	0,668	0,660	0,644	0,671	0,802	0,971	0,793	0,823	0,800	0,761	0,736	0,708	0,653	0,625	0,642	0,666	0,799	0,846	0,807	0,849	0,795	0,732	0,736	0,756	0,680	0,675	0,666	0,671	0,809	0,886	0,803	0,902	0,810	0,738	0,737	0,699	0,684	0,676	0,611	0,670	0,784	0,954	0,791	0,856	0,839	0,759	0,684	0,794	0,669	0,692	0,631	0,731	0,823	1,216	0,813	0,878	0,763	0,756	0,736	0,718	0,692	0,660	0,673	0,686	0,809	0,846	0,847	0,919	0,812	0,752	0,737	0,730	0,687	0,687	0,679	0,673	0,863	0,966
17:40:19	37,0	0,764	0,837	0,784	0,745	0,717	0,698	0,659	0,642	0,626	0,707	0,847	0,868	0,818	0,796	0,782	0,756	0,709	0,687	0,671	0,661	0,646	0,676	0,807	0,975	0,794	0,824	0,801	0,765	0,737	0,709	0,654	0,628	0,644	0,666	0,801	0,847	0,807	0,851	0,797	0,732	0,738	0,759	0,685	0,677	0,669	0,671	0,814	0,888	0,805	0,904	0,812	0,738	0,738	0,703	0,688	0,678	0,612	0,673	0,789	0,960	0,792	0,857	0,840	0,758	0,686	0,798	0,670	0,694	0,633	0,734	0,827	1,224	0,813	0,879	0,764	0,758	0,736	0,718	0,699	0,665	0,676	0,690	0,812	0,849	0,849	0,920	0,813	0,753	0,738	0,735	0,689	0,688	0,683	0,675	0,866	0,971
17:50:19	37,0	0,764	0,839	0,787	0,751	0,717	0,699	0,662	0,645	0,629	0,709	0,851	0,875	0,820	0,797	0,786	0,757	0,712	0,688	0,670	0,663	0,649	0,677	0,809	0,980	0,795	0,825	0,804	0,766	0,738	0,711	0,655	0,629	0,645	0,668	0,805	0,855	0,808	0,852	0,800	0,734	0,738	0,761	0,684	0,677	0,670	0,674	0,820	0,892	0,807	0,904	0,812	0,741	0,740	0,703	0,689	0,680	0,614	0,674	0,791	0,967	0,793	0,858	0,840	0,763	0,688	0,797	0,673	0,698	0,633	0,736	0,830	1,254	0,815	0,881	0,765	0,759	0,735	0,722	0,698	0,664	0,675	0,693	0,814	0,851	0,853	0,923	0,816	0,754	0,736	0,735	0,691	0,691	0,683	0,678	0,870	0,974
18:00:19	37,0	0,767	0,841	0,788	0,754	0,722	0,699	0,664	0,646	0,633	0,714	0,858	0,880	0,820	0,799	0,785	0,759	0,711	0,689	0,672	0,664	0,650	0,677	0,812	0,985	0,797	0,827	0,804	0,767	0,739	0,712	0,656	0,631	0,648	0,669	0,808	0,859	0,810	0,854	0,801	0,737	0,741	0,760	0,686	0,680	0,672	0,675	0,822	0,896	0,808	0,907	0,813	0,742	0,739	0,704	0,692	0,682	0,615	0,677	0,792	0,968	0,795	0,859	0,841	0,764	0,688	0,801	0,675	0,698	0,636	0,739	0,831	1,267	0,817	0,882	0,765	0,760	0,737	0,724	0,700	0,669	0,679	0,693	0,817	0,856	0,852	0,924	0,817	0,752	0,731	0,739	0,694	0,694	0,687	0,680	0,873	0,978
18:10:19	37,0	0,768	0,844	0,790	0,756	0,724	0,701	0,666	0,649	0,634	0,714	0,861	0,884	0,823	0,801	0,786	0,761	0,712	0,688	0,674	0,666	0,654	0,680	0,817	0,990	0,797	0,828	0,805	0,768	0,739	0,711	0,657	0,632	0,650	0,675	0,812	0,858	0,812	0,855	0,801	0,736	0,741	0,761	0,689	0,680	0,674	0,679	0,822	0,898	0,810	0,909	0,813	0,745	0,741	0,704	0,693	0,682	0,617	0,680	0,795	0,974	0,796	0,861	0,843	0,765	0,688	0,802	0,676	0,702	0,636	0,741	0,833	1,267	0,818	0,884	0,767	0,760	0,737	0,724	0,700	0,667	0,680	0,696	0,820	0,859	0,854	0,926	0,819	0,752	0,741	0,738	0,698	0,693	0,687	0,681	0,877	0,981
18:20:19	37,0	0,770	0,845	0,790	0,762	0,726	0,708	0,671	0,652	0,638	0,720	0,866	0,890	0,824	0,801	0,786	0,761	0,712	0,691	0,674	0,667	0,653	0,683	0,818	0,995	0,797	0,828	0,804	0,767	0,740	0,713	0,658	0,632	0,649	0,675	0,812	0,858	0,813	0,856	0,801	0,739	0,743	0,762	0,689	0,681	0,675	0,679	0,826	0,902	0,811	0,912	0,813	0,745	0,742	0,706	0,694	0,684	0,617	0,681	0,797	0,980	0,796	0,861	0,844	0,767	0,689	0,803	0,676	0,699	0,637	0,743	0,835	1,261	0,818	0,885	0,768	0,764	0,739	0,726	0,701	0,668	0,681	0,696	0,822	0,858	0,855	0,928	0,821	0,758	0,739	0,744	0,700	0,694	0,691	0,684	0,879	0,985
18:30:19	37,0	0,770	0,847	0,791	0,764	0,728	0,708	0,671	0,654	0,637	0,719	0,867	0,896	0,826	0,802	0,786	0,765	0,714	0,692	0,677	0,670	0,652	0,685	0,824	1,000	0,799	0,830	0,806	0,770	0,741	0,715	0,661	0,635	0,651	0,677	0,815	0,863	0,814	0,860	0,803	0,740	0,745	0,764	0,691	0,683	0,677	0,682	0,830	0,905	0,813	0,914	0,814	0,747	0,742	0,708	0,699	0,687	0,619	0,683	0,802	0,986	0,797	0,862	0,846	0,766	0,691	0,803	0,679	0,700	0,638	0,745	0,840	1,263	0,819	0,888	0,769	0,764	0,740	0,726	0,707	0,671	0,684	0,698	0,827	0,866	0,856	0,930	0,822	0,759	0,740	0,745	0,703	0,699	0,691	0,686	0,883	0,989
18:40:19	37,0	0,771	0,848	0,793	0,765	0,729	0,709	0,674	0,655	0,641	0,722	0,871	0,905	0,828	0,803	0,788	0,766	0,715	0,693	0,678	0,672	0,656	0,686	0,829	1,004	0,801	0,831	0,807	0,773	0,740	0,715	0,665	0,636	0,653	0,679	0,818	0,871	0,816	0,861	0,803	0,740	0,743	0,764	0,693	0,684	0,680	0,682	0,830	0,909	0,814	0,917	0,816	0,750	0,744	0,707	0,701	0,688	0,622	0,686	0,805	0,992	0,798	0,863	0,847	0,770	0,694	0,803	0,679	0,700	0,638	0,747	0,842	1,265	0,820	0,890	0,769	0,766	0,742	0,726	0,707	0,671	0,686	0,704	0,828	0,867	0,859	0,933	0,823	0,761	0,742	0,749	0,708	0,699	0,695	0,689	0,887	0,992
18:50:19	37,0	0,772	0,852	0,795	0,764	0,730	0,712	0,678	0,656	0,641	0,722	0,875	0,906	0,828	0,802	0,788	0,767	0,715	0,695	0,678	0,671	0,658	0,686	0,831	1,009	0,803	0,832	0,807	0,774	0,742	0,716	0,666	0,637	0,652	0,680	0,821	0,874	0,817	0,863	0,803	0,742	0,745	0,765	0,695	0,685	0,677	0,685	0,832	0,913	0,815	0,919	0,815	0,753	0,743	0,708	0,700	0,688	0,623	0,687	0,805	0,998	0,799	0,865	0,849	0,772	0,695	0,805	0,680	0,701	0,642	0,748	0,842	1,246	0,823	0,891	0,770	0,767	0,744	0,730	0,708	0,673	0,684	0,705	0,830	0,869	0,862	0,934	0,825	0,762	0,744	0,747	0,710	0,700	0,693	0,692	0,890	0,994
19:00:19	37,0	0,775	0,852	0,795	0,766	0,733	0,705	0,680	0,659	0,645	0,727	0,877	0,914	0,829	0,801	0,788	0,769	0,715	0,697	0,682	0,675	0,660	0,689	0,832	1,013	0,803	0,833	0,810	0,775	0,743	0,719	0,668	0,639	0,656	0,682	0,823	0,884	0,818	0,864	0,805	0,744	0,745	0,766	0,701	0,688	0,683	0,688	0,835	0,916	0,815	0,921	0,818	0,751	0,744	0,709	0,704	0,690	0,624	0,689	0,808	1,005	0,799	0,867	0,849	0,769	0,695	0,804	0,681	0,700	0,642	0,751	0,845	1,244	0,823	0,892	0,771	0,769	0,742	0,732	0,714	0,673	0,685	0,703	0,833	0,873	0,863	0,936	0,826	0,766	0,746	0,755	0,710	0,705	0,699	0,693	0,893	0,996
19:10:19	37,0	0,776	0,853	0,796	0,769	0,732	0,706	0,681	0,659	0,646	0,729	0,880	0,915	0,831	0,802	0,790	0,768	0,715	0,699	0,683	0,677	0,662	0,691	0,836	1,018	0,803	0,835	0,811	0,776	0,744	0,719	0,669	0,640	0,655	0,684	0,825	0,880	0,820	0,865	0,807	0,746	0,747	0,766	0,700	0,688	0,683	0,690	0,838	0,920	0,817	0,922	0,818	0,752	0,745	0,710	0,705	0,691	0,626	0,692	0,810	1,011	0,800	0,868	0,850	0,772	0,696	0,805	0,682	0,703	0,644	0,751	0,848	1,244	0,823	0,893	0,773	0,768	0,742	0,732	0,710	0,676	0,689	0,706	0,836	0,875	0,864	0,939	0,828	0,768	0,747	0,759	0,713	0,708	0,700	0,695	0,896	1,000
19:20:19	37,0	0,775	0,855	0,797	0,771	0,735	0,716	0,682	0,660	0,648	0,731	0,883	0,920	0,834	0,802	0,791	0,769	0,717	0,698	0,687	0,677	0,663	0,690	0,839	1,021	0,806	0,835	0,812	0,779	0,743	0,720	0,670	0,642	0,658	0,685	0,828	0,884	0,820	0,868	0,807	0,747	0,748	0,769	0,703	0,689	0,686	0,690	0,839	0,924	0,819	0,924	0,819	0,755	0,747	0,713	0,707	0,691	0,625	0,693	0,812	1,016	0,802	0,869	0,851	0,774	0,698	0,807	0,685	0,706	0,643	0,753	0,849	1,230	0,823	0,894	0,775	0,771	0,744	0,730	0,712	0,676	0,686	0,708	0,840	0,876	0,868	0,940	0,829	0,762	0,746	0,758	0,715	0,706	0,699	0,698	0,897	1,003
19:30:19	37,0	0,777	0,857	0,799	0,769	0,731	0,713	0,682	0,662	0,651	0,733	0,888	0,924	0,834	0,805	0,791	0,772	0,719	0,700	0,687	0,679	0,664	0,695	0,843	1,025	0,807	0,837	0,815	0,779	0,744	0,723	0,672	0,642	0,658	0,690	0,830	0,892	0,822	0,868	0,809	0,748	0,749	0,770	0,706	0,691	0,686	0,691	0,843	0,928	0,820	0,926	0,819	0,754	0,747	0,714	0,709	0,692	0,628	0,695	0,813	1,022	0,802	0,871	0,853	0,775	0,698	0,807	0,688	0,707	0,645	0,755	0,849	1,229	0,824	0,898	0,776	0,774	0,744	0,732	0,715	0,677	0,687	0,711	0,841	0,880	0,868	0,942	0,831	0,769	0,752	0,764	0,718	0,707	0,697	0,701	0,902	1,006
19:40:19	37,0	0,778	0,860	0,801	0,770	0,737	0,711	0,687	0,665	0,653	0,735	0,893	0,930	0,834	0,806	0,792	0,773	0,722	0,701	0,688	0,679	0,664	0,696	0,847	1,028	0,809	0,838	0,813	0,782	0,744	0,723	0,672	0,643	0,659	0,690	0,833	0,895	0,824	0,870	0,809	0,752	0,752	0,770	0,706	0,691	0,688	0,691	0,845	0,932	0,822	0,929	0,820	0,756	0,750	0,715	0,709	0,694	0,629	0,695	0,816	1,028	0,803	0,873	0,853	0,778	0,699	0,810	0,689	0,710	0,644	0,756	0,851	1,210	0,825	0,899	0,776	0,775	0,744	0,734	0,716	0,679	0,688	0,713	0,843	0,882	0,870	0,943	0,832	0,771	0,747	0,764	0,721	0,713	0,706	0,703	0,905	1,009
19:50:19	37,0	0,781	0,863	0,802	0,775	0,737	0,719	0,689	0,664	0,653	0,735	0,895	0,934	0,836	0,807	0,795	0,777	0,723	0,702	0,689	0,679	0,665	0,697	0,849	1,033	0,811	0,838	0,813	0,781	0,745	0,725	0,671	0,645	0,660	0,693	0,835	0,898	0,825	0,872	0,808	0,754	0,751	0,770	0,706	0,692	0,688	0,694	0,849	0,936	0,823	0,930	0,820	0,755	0,749	0,715	0,710	0,694	0,629	0,698	0,817	1,033	0,805	0,874	0,855	0,779	0,699	0,808	0,690	0,709	0,647	0,758	0,853	1,186	0,826	0,900	0,777	0,774	0,746	0,735	0,718	0,679	0,692	0,712	0,843	0,883	0,872	0,945	0,834	0,771	0,750	0,765	0,723	0,713	0,707	0,705	0,907	1,011
20:00:19	37,0	0,781	0,865	0,803	0,776	0,740	0,722	0,692	0,668	0,655	0,739	0,899	0,940	0,837	0,806	0,795	0,778	0,723	0,701	0,691	0,679	0,665	0,698	0,853	1,035	0,811	0,839	0,813	0,783	0,746	0,724	0,672	0,645	0,661	0,694	0,837	0,904	0,826	0,874	0,809	0,755	0,753	0,772	0,707	0,693	0,689	0,696	0,849	0,940	0,824	0,931	0,821	0,757	0,750	0,715	0,710	0,695	0,630	0,698	0,818	1,037	0,804	0,874	0,855	0,779	0,701	0,810	0,689	0,713	0,647	0,760	0,855	1,183	0,827	0,902	0,777	0,778	0,748	0,737	0,719	0,680	0,692	0,715	0,846	0,884	0,873	0,947	0,835	0,773	0,755	0,769	0,725	0,716	0,709	0,708	0,909	1,013
20:10:19	37,0	0,783	0,867	0,804	0,779	0,739	0,719	0,694	0,669	0,654	0,740	0,904	0,941	0,838	0,806	0,796	0,778	0,724	0,702	0,692	0,680	0,665	0,698	0,860	1,038	0,812	0,840	0,815	0,784	0,746	0,726	0,673	0,646	0,661	0,693	0,838	0,908	0,827	0,875	0,809	0,756	0,753	0,772	0,708	0,694	0,689	0,697	0,851	0,943	0,825	0,933	0,821	0,758	0,749	0,716	0,710	0,696	0,631	0,698	0,822	1,043	0,805	0,875	0,855	0,781	0,702	0,810	0,689	0,712	0,650	0,761	0,856	1,185	0,829	0,903	0,776	0,778	0,748	0,739	0,721	0,683	0,693	0,715	0,849	0,885	0,874	0,949	0,836	0,772	0,749	0,765	0,729	0,714	0,711	0,711	0,912	1,014
20:20:19	37,0	0,784	0,869	0,807	0,782	0,743	0,723	0,696	0,670	0,657	0,744	0,908	0,946	0,839	0,807	0,795	0,778	0,725	0,704	0,693	0,682	0,668	0,698	0,859	1,041	0,814	0,842	0,814	0,784	0,747	0,727	0,674	0,647	0,665	0,694	0,841	0,912	0,830	0,877	0,810	0,755	0,752	0,772	0,710	0,695	0,689	0,699	0,853	0,947	0,827	0,934	0,822	0,757	0,749	0,717	0,711	0,695	0,631	0,701	0,824	1,049	0,806	0,876	0,856	0,781	0,702	0,812	0,693	0,711	0,649	0,762	0,861	1,188	0,831	0,904	0,776	0,779	0,749	0,738	0,721	0,685	0,693	0,717	0,852	0,886	0,876	0,951	0,839	0,776	0,753	0,771	0,732	0,719	0,712	0,713	0,914	1,016
20:30:19	37,0	0,786	0,871	0,808	0,782	0,744	0,724	0,696	0,670	0,657	0,746	0,909	0,953	0,841	0,808	0,797	0,778	0,724	0,703	0,696	0,683	0,669	0,700	0,860	1,044	0,814	0,844	0,814	0,783	0,746	0,727	0,675	0,648	0,664	0,696	0,843	0,915	0,831	0,876	0,809	0,754	0,751	0,771	0,711	0,695	0,690	0,699	0,856	0,951	0,828	0,936	0,822	0,758	0,750	0,716	0,713	0,697	0,631	0,701	0,825	1,053	0,807	0,876	0,856	0,782	0,701	0,814	0,695	0,711	0,650	0,764	0,861	1,186	0,832	0,904	0,778	0,780	0,749	0,739	0,723	0,684	0,695	0,718	0,853	0,887	0,878	0,952	0,838	0,779	0,755	0,771	0,732	0,720	0,714	0,713	0,915	1,018
20:40:19	37,0	0,786	0,871	0,808	0,786	0,747	0,728	0,698	0,673	0,660	0,744	0,909	0,958	0,843	0,808	0,798	0,779	0,725	0,705	0,696	0,685	0,672	0,701	0,873	1,046	0,816	0,844	0,814	0,785	0,748	0,728	0,676	0,649	0,666	0,699	0,847	0,918	0,833	0,878	0,810	0,755	0,752	0,772	0,711	0,695	0,691	0,701	0,861	0,954	0,829	0,936	0,822	0,760	0,750	0,717	0,715	0,697	0,632	0,703	0,827	1,057	0,807	0,876	0,858	0,780	0,701	0,812	0,694	0,710	0,650	0,765	0,861	1,182	0,833	0,906	0,778	0,779	0,748	0,739	0,724	0,685	0,696	0,720	0,855	0,888	0,878	0,954	0,840	0,783	0,757	0,774	0,733	0,721	0,715	0,715	0,917	1,019
20:50:19	37,0	0,787	0,873	0,809	0,789	0,747	0,728	0,700	0,674	0,663	0,746	0,913	0,967	0,844	0,811	0,799	0,780	0,726	0,706	0,696	0,685	0,673	0,701	0,865	1,049	0,816	0,846	0,817	0,787	0,747	0,728	0,677	0,651	0,667	0,699	0,848	0,924	0,833	0,880	0,811	0,754	0,751	0,774	0,713	0,696	0,692	0,703	0,862	0,957	0,830	0,936	0,824	0,764	0,750	0,717	0,716	0,696	0,633	0,704	0,829	1,060	0,808	0,878	0,860	0,783	0,701	0,814	0,697	0,711	0,653	0,766	0,864	1,152	0,834	0,907	0,780	0,779	0,748	0,740	0,723	0,685	0,699	0,722	0,858	0,889	0,879	0,956	0,842	0,784	0,760	0,774	0,737	0,721	0,717	0,718	0,918	1,021
21:00:19	37,0	0,790	0,875	0,809	0,790	0,747	0,731	0,700	0,674	0,666	0,748	0,915	0,963	0,845	0,812	0,798	0,781	0,726	0,708	0,697	0,686	0,677	0,704	0,868	1,052	0,816	0,846	0,818	0,785	0,747	0,728	0,679	0,652	0,668	0,702	0,849	0,927	0,834	0,880	0,811	0,757	0,751	0,775	0,713	0,696	0,694	0,705	0,863	0,960	0,831	0,937	0,825	0,764	0,750	0,718	0,716	0,697	0,632	0,706	0,830	1,062	0,809	0,878	0,860	0,784	0,702	0,815	0,695	0,711	0,652	0,767	0,864	1,154	0,835	0,909	0,781	0,778	0,747	0,739	0,725	0,686	0,699	0,722	0,857	0,889	0,881	0,959	0,843	0,785	0,758	0,780	0,740	0,722	0,720	0,719	0,920	1,022
21:10:19	37,0	0,790	0,875	0,811	0,789	0,744	0,728	0,705	0,677	0,668	0,749	0,917	0,970	0,846	0,813	0,799	0,781	0,725	0,707	0,700	0,687	0,676	0,706	0,870	1,054	0,818	0,846	0,818	0,787	0,746	0,727	0,680	0,652	0,667	0,703	0,852	0,931	0,835	0,882	0,812	0,757	0,750	0,775	0,714	0,698	0,694	0,706	0,866	0,961	0,832	0,938	0,825	0,764	0,750	0,720	0,718	0,699	0,633	0,708	0,833	1,064	0,808	0,878	0,860	0,786	0,704	0,817	0,697	0,712	0,653	0,768	0,867	1,155	0,834	0,910	0,784	0,781	0,750	0,738	0,727	0,686	0,698	0,725	0,860	0,889	0,881	0,959	0,845	0,790	0,761	0,783	0,739	0,723	0,720	0,721	0,921	1,023
21:20:19	37,0	0,792	0,878	0,812	0,787	0,751	0,731	0,704	0,677	0,668	0,751	0,920	0,965	0,847	0,814	0,800	0,784	0,726	0,708	0,703	0,687	0,677	0,706	0,872	1,056	0,819	0,848	0,820	0,790	0,747	0,728	0,681	0,654	0,667	0,704	0,854	0,934	0,836	0,884	0,815	0,757	0,751	0,775	0,717	0,699	0,696	0,706	0,867	0,964	0,832	0,940	0,826	0,764	0,750	0,720	0,718	0,699	0,635	0,710	0,835	1,067	0,809	0,880	0,861	0,785	0,701	0,816	0,699	0,711	0,654	0,769	0,868	1,156	0,835	0,911	0,785	0,782	0,750	0,740	0,727	0,688	0,696	0,725	0,862	0,890	0,881	0,961	0,846	0,792	0,764	0,784	0,742	0,727	0,722	0,723	0,923	1,025
21:30:19	37,0	0,792	0,880	0,813	0,790	0,750	0,730	0,707	0,679	0,670	0,753	0,921	0,967	0,847	0,815	0,800	0,783	0,727	0,708	0,704	0,686	0,675	0,708	0,876	1,058	0,821	0,847	0,822	0,788	0,745	0,727	0,680	0,654	0,668	0,704	0,857	0,936	0,838	0,885	0,816	0,758	0,751	0,774	0,718	0,699	0,695	0,706	0,868	0,966	0,833	0,942	0,828	0,767	0,750	0,720	0,718	0,700	0,633	0,710	0,833	1,066	0,811	0,880	0,862	0,786	0,703	0,815	0,699	0,711	0,653	0,769	0,867	1,157	0,836	0,912	0,785	0,783	0,752	0,741	0,728	0,691	0,697	0,725	0,863	0,890	0,883	0,962	0,847	0,791	0,768	0,786	0,742	0,727	0,725	0,726	0,924	1,025
21:40:19	37,0	0,794	0,882	0,815	0,789	0,750	0,730	0,709	0,680	0,670	0,754	0,921	0,970	0,848	0,815	0,800	0,782	0,727	0,709	0,703	0,687	0,673	0,708	0,877	1,060	0,822	0,849	0,823	0,787	0,745	0,728	0,680	0,654	0,668	0,705	0,859	0,940	0,841	0,887	0,817	0,758	0,752	0,775	0,719	0,699	0,694	0,707	0,870	0,968	0,834	0,942	0,828	0,766	0,750	0,720	0,719	0,700	0,635	0,710	0,834	1,062	0,812	0,882	0,863	0,786	0,704	0,816	0,700	0,711	0,653	0,771	0,868	1,159	0,838	0,912	0,786	0,783	0,752	0,743	0,730	0,691	0,700	0,725	0,864	0,891	0,885	0,965	0,849	0,794	0,765	0,790	0,746	0,732	0,726	0,726	0,925	1,025
21:50:19	37,0	0,796	0,883	0,815	0,791	0,751	0,736	0,712	0,680	0,671	0,755	0,923	0,973	0,849	0,816	0,800	0,782	0,727	0,711	0,704	0,689	0,673	0,709	0,880	1,062	0,823	0,850	0,823	0,789	0,746	0,728	0,680	0,655	0,669	0,707	0,859	0,943	0,841	0,888	0,817	0,758	0,751	0,774	0,718	0,699	0,694	0,710	0,870	0,970	0,836	0,943	0,828	0,765	0,750	0,719	0,721	0,700	0,634	0,711	0,834	1,060	0,812	0,883	0,863	0,787	0,703	0,817	0,700	0,711	0,652	0,772	0,869	1,159	0,839	0,914	0,785	0,783	0,751	0,741	0,731	0,692	0,701	0,726	0,864	0,891	0,885	0,966	0,850	0,795	0,768	0,790	0,747	0,730	0,728	0,728	0,926	1,026
22:00:19	37,0	0,797	0,884	0,817	0,794	0,750	0,736	0,712	0,684	0,671	0,755	0,925	0,976	0,851	0,817	0,801	0,783	0,726	0,710	0,703	0,688	0,675	0,711	0,883	1,064	0,824	0,850	0,824	0,787	0,746	0,728	0,682	0,655	0,669	0,707	0,861	0,945	0,842	0,888	0,818	0,759	0,752	0,776	0,718	0,701	0,694	0,711	0,871	0,973	0,836	0,944	0,827	0,765	0,750	0,720	0,721	0,699	0,634	0,711	0,836	1,062	0,813	0,883	0,863	0,787	0,703	0,816	0,699	0,713	0,654	0,772	0,870	1,160	0,840	0,914	0,785	0,781	0,752	0,742	0,729	0,692	0,699	0,727	0,870	0,892	0,886	0,968	0,851	0,799	0,771	0,794	0,748	0,733	0,730	0,728	0,926	1,028
22:10:19	37,0	0,798	0,887	0,819	0,793	0,754	0,738	0,714	0,682	0,675	0,758	0,924	0,981	0,852	0,819	0,802	0,783	0,724	0,710	0,703	0,690	0,674	0,712	0,885	1,066	0,824	0,851	0,824	0,788	0,746	0,728	0,682	0,654	0,669	0,707	0,863	0,948	0,843	0,890	0,816	0,758	0,750	0,774	0,716	0,702	0,694	0,711	0,872	0,974	0,838	0,945	0,827	0,764	0,748	0,719	0,720	0,700	0,635	0,711	0,836	1,063	0,814	0,884	0,864	0,785	0,702	0,814	0,699	0,711	0,654	0,773	0,870	1,163	0,842	0,914	0,786	0,780	0,752	0,742	0,729	0,691	0,696	0,728	0,866	0,893	0,887	0,970	0,853	0,797	0,770	0,795	0,750	0,734	0,731	0,729	0,927	1,028
22:20:19	37,0	0,798	0,888	0,820	0,790	0,752	0,740	0,713	0,683	0,676	0,756	0,924	0,983	0,853	0,820	0,802	0,783	0,724	0,712	0,705	0,690	0,676	0,712	0,886	1,067	0,826	0,853	0,824	0,790	0,745	0,726	0,682	0,655	0,670	0,709	0,861	0,950	0,845	0,891	0,817	0,758	0,749	0,773	0,717	0,701	0,696	0,714	0,871	0,975	0,840	0,946	0,829	0,764	0,747	0,718	0,721	0,700	0,634	0,713	0,838	1,064	0,816	0,886	0,865	0,785	0,703	0,814	0,700	0,714	0,655	0,775	0,872	1,164	0,842	0,916	0,786	0,780	0,749	0,739	0,730	0,690	0,699	0,730	0,866	0,893	0,887	0,971	0,854	0,799	0,769	0,797	0,753	0,734	0,731	0,730	0,928	1,029
22:30:19	37,0	0,801	0,890	0,821	0,793	0,756	0,737	0,717	0,688	0,678	0,761	0,927	0,989	0,855	0,819	0,803	0,781	0,722	0,710	0,704	0,687	0,677	0,714	0,896	1,070	0,827	0,856	0,825	0,791	0,745	0,727	0,681	0,654	0,669	0,709	0,864	0,953	0,846	0,892	0,818	0,760	0,751	0,774	0,718	0,700	0,695	0,714	0,874	0,977	0,840	0,947	0,830	0,763	0,749	0,718	0,721	0,699	0,635	0,712	0,838	1,065	0,816	0,887	0,865	0,788	0,703	0,814	0,699	0,714	0,653	0,774	0,872	1,166	0,844	0,917	0,787	0,780	0,752	0,740	0,729	0,690	0,698	0,731	0,868	0,894	0,891	0,972	0,855	0,801	0,771	0,794	0,754	0,736	0,732	0,733	0,930	1,029
22:40:19	37,0	0,803	0,890	0,822	0,791	0,755	0,742	0,715	0,685	0,680	0,762	0,926	0,990	0,855	0,820	0,804	0,782	0,722	0,711	0,705	0,690	0,676	0,714	0,897	1,072	0,827	0,856	0,826	0,789	0,744	0,727	0,681	0,655	0,671	0,711	0,863	0,955	0,847	0,893	0,820	0,759	0,749	0,774	0,718	0,700	0,696	0,716	0,875	0,978	0,841	0,948	0,832	0,761	0,748	0,718	0,723	0,700	0,634	0,714	0,839	1,066	0,818	0,887	0,867	0,786	0,703	0,813	0,698	0,712	0,653	0,776	0,872	1,166	0,845	0,917	0,786	0,780	0,749	0,739	0,732	0,690	0,699	0,731	0,867	0,895	0,890	0,974	0,856	0,800	0,772	0,796	0,755	0,737	0,733	0,734	0,931	1,030
22:50:19	37,0	0,805	0,892	0,824	0,796	0,755	0,744	0,718	0,689	0,681	0,763	0,929	0,990	0,857	0,821	0,809	0,782	0,723	0,711	0,707	0,690	0,675	0,715	0,905	1,073	0,829	0,858	0,829	0,791	0,745	0,728	0,682	0,654	0,671	0,711	0,866	0,957	0,848	0,893	0,824	0,759	0,748	0,774	0,720	0,701	0,697	0,714	0,876	0,979	0,842	0,949	0,833	0,763	0,748	0,719	0,721	0,701	0,635	0,713	0,839	1,066	0,819	0,889	0,868	0,786	0,703	0,813	0,700	0,711	0,654	0,776	0,872	1,168	0,846	0,920	0,788	0,781	0,750	0,739	0,731	0,691	0,700	0,732	0,870	0,895	0,892	0,975	0,858	0,803	0,774	0,799	0,758	0,736	0,734	0,735	0,933	1,031
23:00:19	36,9	0,807	0,894	0,826	0,793	0,754	0,742	0,718	0,687	0,684	0,765	0,929	0,993	0,859	0,821	0,810	0,783	0,724	0,711	0,707	0,691	0,676	0,717	0,906	1,074	0,830	0,857	0,829	0,790	0,745	0,730	0,682	0,657	0,670	0,713	0,867	0,959	0,849	0,893	0,823	0,758	0,747	0,774	0,720	0,704	0,696	0,716	0,877	0,981	0,844	0,950	0,835	0,759	0,746	0,718	0,723	0,701	0,635	0,713	0,840	1,066	0,820	0,890	0,870	0,783	0,701	0,813	0,700	0,711	0,654	0,777	0,873	1,170	0,847	0,921	0,790	0,780	0,748	0,742	0,731	0,691	0,698	0,733	0,868	0,895	0,894	0,978	0,859	0,803	0,771	0,800	0,758	0,738	0,737	0,736	0,932	1,031
23:10:19	37,0	0,808	0,895	0,826	0,794	0,752	0,742	0,718	0,689	0,681	0,763	0,927	0,993	0,860	0,824	0,809	0,782	0,724	0,712	0,708	0,691	0,677	0,715	0,908	1,076	0,830	0,859	0,828	0,790	0,743	0,729	0,685	0,658	0,670	0,715	0,867	0,960	0,851	0,893	0,823	0,756	0,746	0,774	0,720	0,705	0,697	0,717	0,877	0,982	0,846	0,949	0,836	0,759	0,746	0,718	0,724	0,704	0,634	0,714	0,840	1,067	0,821	0,891	0,870	0,781	0,702	0,812	0,699	0,710	0,654	0,777	0,874	1,170	0,847	0,922	0,791	0,783	0,748	0,743	0,733	0,691	0,699	0,733	0,870	0,895	0,895	0,980	0,861	0,803	0,771	0,802	0,761	0,739	0,738	0,738	0,933	1,031
23:20:19	37,0	0,810	0,897	0,827	0,795	0,753	0,742	0,722	0,693	0,683	0,764	0,928	0,995	0,861	0,824	0,811	0,781	0,724	0,711	0,711	0,693	0,677	0,714	0,909	1,077	0,832	0,859	0,830	0,789	0,742	0,729	0,685	0,659	0,671	0,715	0,869	0,962	0,853	0,896	0,823	0,756	0,745	0,773	0,722	0,706	0,697	0,718	0,877	0,983	0,846	0,950	0,838	0,762	0,746	0,719	0,727	0,704	0,636	0,714	0,842	1,066	0,821	0,891	0,872	0,784	0,702	0,813	0,702	0,710	0,654	0,777	0,876	1,173	0,847	0,922	0,793	0,780	0,748	0,741	0,732	0,693	0,700	0,735	0,869	0,896	0,897	0,982	0,862	0,805	0,777	0,803	0,760	0,740	0,738	0,738	0,933	1,032
23:30:19	37,0	0,812	0,899	0,829	0,793	0,754	0,741	0,719	0,691	0,683	0,767	0,931	0,997	0,863	0,825	0,812	0,780	0,722	0,711	0,710	0,694	0,678	0,715	0,911	1,078	0,833	0,859	0,834	0,788	0,741	0,727	0,686	0,658	0,670	0,717	0,869	0,962	0,854	0,897	0,824	0,755	0,746	0,772	0,723	0,704	0,697	0,719	0,877	0,985	0,849	0,950	0,838	0,759	0,745	0,719	0,729	0,706	0,635	0,716	0,843	1,065	0,823	0,892	0,873	0,784	0,701	0,811	0,701	0,712	0,655	0,777	0,875	1,174	0,848	0,923	0,795	0,779	0,745	0,738	0,730	0,690	0,699	0,735	0,880	0,896	0,898	0,984	0,864	0,803	0,778	0,802	0,761	0,741	0,737	0,739	0,933	1,033
23:40:19	37,0	0,815	0,901	0,832	0,797	0,755	0,745	0,724	0,695	0,686	0,771	0,931	0,998	0,864	0,825	0,812	0,780	0,719	0,709	0,708	0,691	0,675	0,719	0,913	1,079	0,835	0,861	0,835	0,785	0,741	0,725	0,686	0,658	0,670	0,717	0,868	0,966	0,856	0,898	0,826	0,754	0,745	0,772	0,724	0,704	0,696	0,721	0,877	0,986	0,850	0,950	0,839	0,760	0,745	0,720	0,728	0,702	0,634	0,718	0,842	1,063	0,824	0,892	0,875	0,784	0,702	0,813	0,704	0,710	0,654	0,780	0,876	1,176	0,848	0,924	0,795	0,781	0,746	0,738	0,731	0,691	0,699	0,735	0,870	0,898	0,899	0,986	0,866	0,804	0,779	0,803	0,762	0,742	0,736	0,741	0,934	1,034
23:50:19	37,0	0,817	0,902	0,832	0,794	0,755	0,747	0,725	0,696	0,687	0,771	0,931	1,000	0,866	0,826	0,813	0,780	0,721	0,708	0,707	0,693	0,676	0,720	0,914	1,080	0,838	0,862	0,836	0,786	0,741	0,725	0,684	0,658	0,669	0,718	0,869	0,966	0,856	0,900	0,826	0,754	0,746	0,771	0,725	0,703	0,696	0,723	0,877	0,986	0,851	0,952	0,839	0,759	0,744	0,719	0,727	0,703	0,634	0,720	0,842	1,060	0,825	0,893	0,875	0,784	0,701	0,812	0,706	0,710	0,655	0,779	0,875	1,177	0,850	0,925	0,796	0,779	0,746	0,740	0,731	0,691	0,701	0,735	0,869	0,898	0,901	0,985	0,866	0,806	0,778	0,804	0,763	0,741	0,740	0,743	0,935	1,034
24:00:19	37,0	0,816	0,903	0,834	0,798	0,753	0,745	0,726	0,694	0,689	0,772	0,931	0,999	0,869	0,826	0,814	0,780	0,721	0,707	0,707	0,693	0,676	0,720	0,915	1,081	0,839	0,862	0,836	0,786	0,739	0,723	0,684	0,658	0,669	0,718	0,869	0,968	0,858	0,901	0,828	0,755	0,745	0,771	0,725	0,702	0,696	0,723	0,877	0,988	0,852	0,954	0,839	0,759	0,743	0,718	0,726	0,701	0,634	0,721	0,842	1,060	0,826	0,894	0,876	0,783	0,701	0,814	0,706	0,711	0,654	0,781	0,876	1,178	0,853	0,925	0,796	0,777	0,747	0,739	0,731	0,690	0,699	0,736	0,871	0,899	0,902	0,986	0,868	0,806	0,780	0,806	0,764	0,744	0,742	0,745	0,935	1,035